20100804   132726.41   43.5866666666667   -110.436666666667     4.4   0.00    9.7    2.7   0.08   1
20100804   223421.22   43.5896666666667   -110.421666666667    -1.3   0.00    5.3    2.6   0.12   2
20100804   234424.39   43.5896666666667   -110.44    -0.9   0.00    4.4    2.8   0.16   3
20100805   0012 9.12   43.5725   -110.403333333333    10.3   0.00   18.1    8.3   0.13   4
20100806   184858.64   43.601   -110.545     6.7   0.00    3.3   11.3   0.11   5
20100805   003454.85   43.6021666666667   -110.601666666667     3.8   0.00    3.5   18.9   0.10   6
20100805   011945.71   43.5891666666667   -110.488333333333     6.6   0.00    8.5   13.3   0.08   7
20100805   012123.66   43.5986666666667   -110.423333333333     1.5   0.00    7.6    2.2   0.11   8
20100805   0147 0.44   43.5938333333333   -110.481666666667     6.7   0.00    8.8   13.4   0.21   9
20100805   021318.00   43.5915   -110.551666666667     7.9   0.00    3.4   12.5   0.04   10
20100805   025240.02   43.582   -110.426666666667     2.3   0.00   10.6    5.4   0.14   11
20100809   061219.15   43.595   -110.441666666667     4.2   0.00   10.1   10.7   0.13   12
20100805   0416 1.74   43.5825   -110.406666666667    -2.8   0.00    4.4    2.1   0.09   13
20100805   042016.07   43.5748333333333   -110.443333333333     5.0   0.00    8.2    2.6   0.13   14
20100805   044940.32   43.6081666666667   -110.495     5.3   0.00    4.5   10.2   0.19   15
20100805   045334.87   43.5796666666667   -110.443333333333     3.0   0.00    8.2    4.8   0.13   16
20100805   051257.80   43.5986666666667   -110.535     6.5   0.00    2.0    2.5   0.26   17
20100808   015426.45   43.6056666666667   -110.458333333333     6.4   0.00    8.3    6.6   0.07   18
20100805   042221.41   43.563   -110.433333333333     6.0   0.00   11.3    2.6   0.16   19
20100807   143613.55   43.6081666666667   -110.461666666667     8.1   0.00    9.7   10.0   0.16   20
20100807   153159.75   43.5866666666667   -110.436666666667     2.9   0.00    7.6    2.9   0.13   21
20100805   1514 7.10   43.604   -110.438333333333     1.4   0.00    5.0    2.2   0.17   22
20100806   053314.06   43.5961666666667   -110.433333333333     4.9   0.00    8.7    3.2   0.14   23
20100805   152456.39   43.6033333333333   -110.453333333333     4.8   0.00   11.1   10.9   0.13   24
20100805   153026.74   43.6056666666667   -110.485     4.3   0.00    7.4    8.6   0.09   25
20100805   154255.75   43.6105   -110.531666666667     4.9   0.00    3.0    6.2   0.16   26
20100805   154832.33   43.6211666666667   -110.483333333333     3.2   0.00    6.0    8.5   0.14   27
20100805   154643.30   43.6056666666667   -110.465     2.9   0.00    6.8    4.8   0.11   28
20100806   1747 8.66   43.5926666666667   -110.47     5.0   0.00    8.5   10.7   0.12   29
20100805   163034.64   43.601   -110.413333333333     1.1   0.00    7.9    2.2   0.12   30
20100806   071356.01   43.5998333333333   -110.415     3.0   0.00    8.9    2.3   0.11   31
20100805   194111.61   43.6045   -110.453333333333     2.7   0.00    6.5    3.2   0.12   32
20100805   230631.58   43.6081666666667   -110.416666666667     3.1   0.00    9.9    3.4   0.12   33
20100807   002243.19   43.6081666666667   -110.45     5.3   0.00    9.4    6.7   0.11   34
20100807   005543.94   43.6093333333333   -110.48     6.9   0.00    6.8    5.8   0.07   35
20100805   2012 8.57   43.617   -110.43     1.0   0.00    5.4    2.1   0.16   36
20100807   1945 3.19   43.5843333333333   -110.471666666667     4.4   0.00    7.7    6.3   0.11   37
20100805   203430.15   43.601   -110.42     2.9   0.00    9.3    2.6   0.18   38
20100810   161538.76   43.5986666666667   -110.501666666667     6.0   0.00    5.7    7.5   0.11   39
20100821   185426.57   43.6211666666667   -110.496666666667     4.1   0.00    5.7    7.8   0.09   40
20100817   050728.39   43.6081666666667   -110.488333333333     5.0   0.00    5.5    5.0   0.12   41
20100806   034931.63   43.5891666666667   -110.465     5.0   0.00    8.6   10.0   0.10   42
20100808   172935.99   43.5796666666667   -110.42     5.0   0.00   12.6    3.2   0.20   43
20100806   201734.70   43.5748333333333   -110.443333333333     5.0   0.00   12.5   12.2   0.18   44
20100806   233123.60   43.6056666666667   -110.426666666667     3.0   0.00   11.2    8.5   0.15   45
20100811   035611.45   43.6151666666667   -110.525     7.8   0.00    2.9    3.7   0.15   46
20100812   052240.27   43.6081666666667   -110.433333333333     1.8   0.00    8.9    3.2   0.13   47
20100812   092637.14   43.6028333333333   -110.428333333333    -0.8   0.00    5.1    2.1   0.15   48
20100814   155014.73   43.6021666666667   -110.456666666667     3.2   0.00    7.1    4.3   0.12   49
20100815   155651.55   43.6181666666667   -110.44     1.0   0.00    5.1    2.1   0.12   50
20100815   155915.57   43.6176666666667   -110.45     2.3   0.00    6.0    2.8   0.14   51
20100816   210151.44   43.6176666666667   -110.443333333333     1.9   0.00    6.2    2.4   0.16   52
20100816   2252 3.39   43.5998333333333   -110.415     2.3   0.00    9.6    2.4   0.11   53
20100816   225226.16   43.6105   -110.436666666667     4.2   0.00    9.5    3.4   0.15   54
20100816   2314 7.89   43.5961666666667   -110.518333333333     7.5   0.00    3.4    3.8   0.21   55
20100816   231430.96   43.601   -110.423333333333     1.2   0.00    7.8    2.8   0.16   56
20100817   002121.16   43.5998333333333   -110.428333333333     3.6   0.00    9.0    2.5   0.12   57
20100817   003521.70   43.6081666666667   -110.433333333333     4.7   0.00    9.8    5.7   0.10   58
20100817   034859.06   43.6081666666667   -110.426666666667     4.4   0.00   10.4    2.7   0.13   59
20100817   054720.79   43.617   -110.453333333333     4.3   0.00    5.6    2.6   0.20   60
20100904   1539 3.37   43.6151666666667   -110.465     9.5   0.00    6.7    5.0   0.26   61
20100817   092217.54   43.5915   -110.413333333333     0.0   0.00    7.3    2.1   0.12   62
20100817   174049.70   43.5986666666667   -110.465     2.8   0.00    7.1    8.9   0.09   63
20100819   003445.47   43.6081666666667   -110.443333333333     3.9   0.00   10.2    9.4   0.11   64
20100821   0647 2.13   43.6056666666667   -110.41     0.5   0.00    9.9    5.4   0.15   65
20100821   133619.59   43.5986666666667   -110.478333333333     5.0   0.00    6.5    6.0   0.16   66
20100822   123436.52   43.6056666666667   -110.433333333333     5.0   0.00   10.7    3.3   0.07   67
20100819   062211.79   43.5986666666667   -110.443333333333     2.6   0.00    7.2    2.7   0.14   68
20100823   034130.16   43.601   -110.471666666667     5.0   0.00    7.7    6.6   0.16   69
20100819   192957.22   43.6081666666667   -110.416666666667     1.9   0.00   10.3    4.9   0.11   70
20100826   021650.50   43.6056666666667   -110.436666666667     4.4   0.00    9.5    3.5   0.12   71
20100820   120748.93   43.6105   -110.465     5.0   0.00    7.6    5.0   0.13   72
20100821   055615.28   43.6128333333333   -110.45     5.6   0.00   10.7    6.2   0.14   73
20100825   1732 2.72   43.6056666666667   -110.38    -1.4   0.00    9.5    2.4   0.11   74
20100825   212251.86   43.614   -110.408333333333     1.3   0.00    8.4    2.2   0.18   75
20100825   212114.72   43.6021666666667   -110.391666666667     4.1   0.00   13.5    3.1   0.16   76
20100826   005156.31   43.6105   -110.433333333333     5.0   0.00    9.6    5.1   0.12   77
20100827   2202 8.36   43.6235   -110.48     4.9   0.00    7.1    8.4   0.16   78
20100829   222028.50   43.6176666666667   -110.39    -0.9   0.00    9.0    7.8   0.21   79
20100904   140113.72   43.6033333333333   -110.481666666667     7.1   0.00    6.6    5.3   0.14   80
20100902   160146.56   43.601   -110.455     5.0   0.00    7.9    3.1   0.10   81
20100903   101814.58   43.5961666666667   -110.423333333333     3.7   0.00    9.0    2.2   0.17   82
20100904   011048.19   43.6021666666667   -110.456666666667     3.9   0.00    7.5    4.5   0.15   83
20100907   040630.86   43.5866666666667   -110.46     4.0   0.00    6.0    2.5   0.12   84
20100908   213937.80   43.6151666666667   -110.563333333333     6.9   0.00    2.8   14.1   0.03   85
20100909   0522 1.35   43.6188333333333   -110.453333333333     5.0   0.00   10.1   10.5   0.15   86
20100913   005423.31   43.5225   -110.505     2.9   0.00    7.8   11.7   0.08   87
