2004 07 23 24.39 0.8 126.28 2.12 1.73 7.89
2004 07 24 23 0.48 123.56 2.15 1.8 8.01
2004 07 25 27.31 2.01 137.38 2.77 2.32 10.73
2004 07 26 28.49 3.67 134.67 2.76 2.29 10.53
2004 07 27 26.6 0.25 122.69 2.27 1.96 8.22
2004 07 28 25.86 0.4 119.49 2.2 1.73 7.85
2004 07 29 25.62 1.47 126.1 1.73 1.36 6.58
2004 07 30 25.28 1.18 113.41 2.05 1.6 7.28
2004 07 31 27.72 0.6 119.01 1.65 1.31 6.21
2004 08 01 24.84 0.47 118.21 2.05 1.61 7.41
2004 08 02 25.71 4.77 124.06 1.73 1.39 6.41
2004 08 03 23.6 1.72 123.61 2.21 1.79 7.86
2004 08 04 20.38 0.02 122.43 2.51 1.96 8.73
2004 08 05 24.1 0.21 122.95 2.59 2.06 9.04
2004 08 06 26.54 2.67 129.82 1.74 1.35 6.42
2004 08 07 25.69 0.88 125.12 1.75 1.36 6.35
2004 08 08 24.64 1.14 127.53 2.08 1.69 7.33
2004 08 09 24.28 2.29 129.16 2.03 1.68 7.17
2004 08 10 26.51 0.25 122.68 2.32 1.81 8.03
2004 08 11 26.99 1.36 123.43 2.09 1.66 7.53
2004 08 12 26.18 3.04 127.38 2.23 1.68 7.97
2004 08 13 27.66 1.87 119.89 2.09 1.68 7.29
2004 08 14 24.83 2.09 121.5 2.28 1.84 8.17
2004 08 15 25.95 0.37 120.78 2.02 1.67 7.4
2004 08 16 25.25 1.52 125.6 1.69 1.48 6.32
2004 08 17 25.43 2.97 122.63 1.75 1.41 6.6
2004 08 18 25.07 2.89 124.06 2.16 1.78 7.71
2004 08 19 26.01 5.13 120.81 2.2 1.83 7.76
2004 08 20 24.19 4.93 125.8 2.26 1.89 7.95
2004 08 21 24.25 3.38 118.47 2.27 1.84 8.03
2004 08 22 28.74 7.52 132.44 3.22 2.74 11.91
2004 08 23 26.88 3 110.93 2.5 2.07 8.84
2004 08 24 24.42 0.91 123.24 2.19 1.78 7.88
2004 08 25 28.89 2.31 131.8 2.89 2.47 10.96
2004 08 26 19.42 1.54 119.13 2.34 1.96 8.16
2004 08 27 21.99 2.1 124.44 2.07 1.72 7.39
2004 08 28 27.53 6.3 136.18 2.67 2.29 9.96
2004 08 29 24.76 3.92 125.34 2.07 1.73 7.35
2004 08 30 25.27 4.89 124.45 2.14 1.77 7.71
2004 08 31 22.99 3.63 125.14 2.09 1.75 7.46
2004 09 01 24.16 3.06 124.03 2.28 1.87 7.98
2004 09 02 26.01 2.32 119.23 2.39 1.95 8.48
2004 09 03 25.4 4.3 127.28 2.11 1.69 7.41
2004 09 04 27.09 3.8 133.59 2.66 2.24 10.15
2004 09 05 27.05 4.61 133.75 2.87 2.41 10.38
2004 09 06 26.63 3.54 122.65 2.47 1.93 8.59
2004 09 07 25.04 1.7 128.84 1.27 1.1 4.48
2004 09 08 27.29 3.32 126.71 1.33 1.2 4.74
2004 09 09 26.8 3.24 130.13 1.31 1.16 4.86
2004 09 10 26.9 2.66 129.33 1.33 1.17 4.87
2004 09 11 25.6 2.49 132.41 1.71 1.5 6.03
2004 09 12 28.69 4.53 132.52 1.88 1.68 6.48
2004 09 13 26.39 3.88 132.65 2.09 1.92 7.06
2004 09 14 24.53 4.41 132.32 1.43 1.25 4.95
2004 09 15 24.41 5.79 126.57 1.3 1.23 4.54
2004 09 16 24.35 3.71 127.92 1.41 1.25 4.92
2004 09 17 26.08 2.62 120.83 1.32 1.16 4.81
2004 09 18 24.1 2.29 114.12 1.47 1.3 5.32
2004 09 19 24.77 5.2 116.77 1.5 1.32 5.37
2004 09 20 25.35 3.29 121.39 1.36 1.19 4.86
2004 09 21 25.26 5.26 129.49 1.23 1.08 4.41
2004 09 22 24.28 4.33 126.46 1.2 1.07 4.19
2004 09 23 24.24 4.71 128.52 1.21 1.11 4.22
2004 09 24 26.47 8.17 133.08 1.32 1.18 4.62
2004 09 25 24.22 5.01 131.84 1.21 1.08 4.29
2004 09 26 23.99 6.51 127.66 1.33 1.2 4.67
2004 09 27 28.27 4.75 141.08 2.02 1.85 6.84
2004 09 28 24.16 6.06 128.59 1.47 1.36 5.07
2004 09 29 24.16 6.31 125.35 1.32 1.19 4.73
2004 09 30 24.09 5.91 122.54 1.27 1.15 4.49
2004 10 01 23.49 4.92 125.65 1.31 1.22 4.62
2004 10 02 24 5.44 128.42 1.28 1.16 4.53
2004 10 03 24.82 5.82 128.85 1.25 1.12 4.44
2004 10 04 24.61 3.22 130.47 1.34 1.21 4.67
2004 10 05 24.28 6.93 128.92 2 1.92 6.52
2004 10 06 23.61 5.86 125.69 1.3 1.15 4.51
2004 10 07 25.93 4.83 137.61 1.75 1.54 5.95
2004 10 08 25.97 7.02 132.89 1.89 1.73 6
2004 10 09 25.2 4.3 129.94 1.77 1.62 5.77
2004 10 10 24.25 5.38 125.37 1.2 1.06 4.31
2004 10 11 25.04 7.17 128.9 1.27 1.13 4.42
2004 10 12 23.97 6.46 130.59 1.26 1.09 4.49
2004 10 13 23.81 6.07 129.37 1.26 1.12 4.59
2004 10 14 24.72 6.67 126.96 1.28 1.14 4.44
2004 10 15 23.94 5.19 125.41 1.3 1.13 4.5
2004 10 16 23.05 4.15 130.68 1.3 1.16 4.82
2004 10 17 26.32 5.02 123 1.29 1.16 5.16
2004 10 18 25.81 3.86 127.61 1.31 1.17 5.19
2004 10 19 21.74 6.35 137.46 1.92 1.59 6.89
2004 10 20 25.17 4.23 127.5 1.28 1.15 4.89
2004 10 21 27.29 4.23 119.9 1.36 1.21 5.03
2004 10 22 24.47 5.71 128.7 1.29 1.16 4.82
2004 10 23 24.92 4.45 123.93 1.28 1.15 4.6
2004 10 24 24.8 5.86 134.27 1.71 1.55 5.71
2004 10 25 20.28 3.97 132.18 2.5 2.02 9.11
2004 10 26 23.82 6.36 126.21 1.24 1.08 4.65
2004 10 27 25.16 5.73 128.61 1.81 1.64 5.81
2004 10 28 23.36 5.44 119.99 1.33 1.18 5.08
2004 10 29 23.16 6.1 125.28 1.27 1.13 4.94
2004 10 30 22.2 5.51 128.09 2.89 2.33 10.98
2004 10 31 21.6 6.94 122.15 2.06 1.78 7.42
2004 11 01 27.03 7.92 144.97 2.77 2.3 11.91
2004 11 02 23.55 5.05 141.6 2.82 2.4 11.39
2004 11 03 24.05 7.81 136.74 1.22 1.05 4.34
2004 11 04 24.98 4.96 130.14 1.21 1.05 4.66
2004 11 05 23.45 5.94 123.48 1.24 1.09 4.73
2004 11 06 23.28 6.74 124.98 1.27 1.12 4.9
2004 11 07 23.77 5.03 122.83 1.27 1.12 4.99
2004 11 08 25.7 4.05 120.53 1.43 1.26 5.43
2004 11 09 24.23 4.87 120.38 1.3 1.15 4.84
2004 11 10 24.19 4.7 121.25 1.26 1.13 4.65
2004 11 11 24.5 6.52 125.97 1.25 1.1 4.66
2004 11 12 24.51 7.01 124.56 1.27 1.14 4.75
2004 11 13 23.62 6.97 120.28 1.24 1.1 4.76
2004 11 14 23.23 7.13 121.15 1.27 1.12 5.08
2004 11 15 23.32 6.88 122.23 1.26 1.12 4.77
2004 11 16 22.82 7.41 116.03 1.24 1.09 4.6
2004 11 17 22.74 6.31 128 1.8 1.71 5.83
2004 11 18 23.16 7.15 120.44 1.26 1.14 4.67
2004 11 19 24.53 6.75 119.58 1.27 1.15 4.82
2004 11 20 25.47 6.87 111.91 2.49 2.13 10.31
2004 11 21 24.74 6.13 122.84 2.92 2.37 11.49
2004 11 22 22.72 9 118.03 2.53 2.17 10.22
2004 11 23 23.69 11.66 124.35 2.73 2.05 10.08
2004 11 24 22.83 9.87 122.44 2.4 1.86 9.05
2004 11 25 25.17 9.03 122.4 2.98 2.51 11.34
2004 11 26 23.71 6.91 125.79 3.03 2.55 12.34
2004 11 27 25.34 9.86 126.08 2.3 1.96 9.17
2004 11 28 24.45 8.16 128.65 2.1 1.93 9.37
2004 11 29 25.75 7.5 124.11 2.3 2 8.89
2004 12 04 24.22 9.06 130.13 2.36 2.08 9.51
2004 12 05 23.15 8.25 125.63 2.18 1.96 9.03
2004 12 07 24.84 8.8 116.81 2.38 2.03 9.52
2004 12 08 24.73 8.37 110.53 2.55 2.18 10.53
2004 12 09 24.42 9.45 121.26 2.68 2.4 11.23
2004 12 10 23.44 9.57 121.92 2.29 2.06 9.9
2004 12 11 23.07 6.53 122.72 1.33 1.14 4.69
2004 12 12 24.88 9.32 125.15 1.27 1.09 4.62
2004 12 13 24.99 6.16 130.49 2.95 2.64 12.89
2004 12 14 22.11 7.62 132.8 1.83 1.6 6.04
2004 12 15 22.19 8.32 127.39 1.72 1.46 5.54
2004 12 16 26.52 12.25 128.79 2.21 1.98 9.69
2004 12 17 23.94 11.54 122.54 1.94 1.89 8.26
2004 12 18 23.52 7.99 123.9 2.08 1.91 9.4
2004 12 19 20.99 9.86 117.12 2.18 1.94 9.52
2004 12 21 24.39 9.66 125.64 2.72 2.59 11.5
2004 12 22 24.25 9.96 126.4 2.03 1.75 8.58
2004 12 23 25.11 10.19 118.4 2.04 1.81 8.77
2004 12 25 22.27 8.45 134.59 2.65 2.3 11.93
2004 12 26 23.14 9.43 118.87 2.08 1.8 8.81
2004 12 27 21.01 10.34 113.15 1.23 1.05 4.47
2004 12 28 23.01 10.28 118.51 1.2 1 4.55
2004 12 29 20.21 10.26 115.56 2.26 1.87 9.64
2004 12 30 22.82 9.2 110.18 1.28 1.08 4.75
2004 12 31 21.76 10.05 137.03 2.21 1.83 9.14
2005 01 01 23.68 10 125.86 2.23 1.98 9.54
2005 01 02 21.21 8.33 130.65 2.54 2.34 10.32
2005 01 03 22.67 9.94 129.39 2.07 1.82 8.63
2005 01 04 23.33 10.5 125.52 2.03 1.81 8.66
2005 01 06 22.47 11.32 122.44 2.43 2.23 10.21
2005 01 07 26.6 6.75 124.51 2.91 2.72 13.43
2005 01 08 23.22 7.98 125.63 2.48 2.17 10.26
2005 01 09 21.95 8.12 124.89 2.4 2.04 10.6
2005 01 10 21.36 7.31 128.78 2.21 1.91 9.48
2005 01 11 21.67 8.17 119.92 2.57 2.22 10.84
2005 01 12 20.5 11.07 119.07 1.93 1.72 8.28
2005 01 14 22.58 11.35 121.17 2.14 1.81 8.75
2005 01 15 22.74 7.98 125.54 1.75 1.47 7.38
2005 01 16 21.22 9.46 130.58 2.03 1.81 8.32
2005 01 17 21.47 11.68 125.31 2.27 2.04 9.12
2005 01 18 19.87 7.95 117.28 1.79 1.53 7.23
2005 01 19 21.93 7.37 113.7 1.39 1.18 4.97
2005 01 20 22 8.94 121.47 1.43 1.21 5.2
2005 01 21 21.14 9.45 129.56 2.1 1.8 7.08
2005 01 22 22.68 9.87 117.45 1.42 1.25 5.1
2005 01 23 20.4 9.5 111.27 1.45 1.27 5.09
2005 01 24 22 10.09 111.32 1.4 1.24 5.01
2005 01 25 21.48 9.97 110.85 1.39 1.23 4.87
2005 01 26 21.03 9.86 112.38 1.32 1.12 4.71
2005 01 27 19.97 7.76 127.6 2 1.67 6.73
2005 01 28 19.58 8.36 123.59 2 1.7 6.74
2005 01 29 20.55 8.46 115.08 1.34 1.15 4.92
2005 01 30 20.9 9.32 112.77 1.35 1.15 4.91
2005 01 31 19.39 8.92 133.65 3.06 2.63 12.08
2005 02 01 20.97 9.32 111.29 1.98 1.63 7.71
2005 02 02 20.8 11.12 115.92 1.09 0.92 4.16
2005 02 03 21.07 9.18 126.36 1.79 1.51 5.89
2005 02 04 20.75 8.46 113.99 1.35 1.18 4.8
2005 02 05 21.23 8.72 111.99 1.42 1.25 5.01
2005 02 06 22.9 9.7 112.58 2.58 2.11 10.47
2005 02 07 20.99 8.83 112.08 2.49 2.52 9.88
2005 02 08 18.8 8.03 124.78 2.92 2.42 11.85
2005 02 09 20.34 11.94 109.78 2.21 1.74 8.44
2005 02 10 20.1 8.92 123.02 1.61 1.35 5.35
2005 02 11 21.85 8.92 113.08 1.32 1.16 4.81
2005 02 12 19.86 9.71 106.9 1.32 1.15 4.74
2005 02 13 20.2 10.81 99.5 2.56 2.01 10.02
2005 02 14 20.63 10.41 124.84 2.94 2.48 11.86
2005 02 15 21.93 9.92 113.01 1.36 1.16 4.76
2005 02 16 21.84 9.72 113.54 1.45 1.24 5.04
2005 02 17 20.88 10.63 128.62 1.8 1.58 6.33
2005 02 18 19.99 9.43 114.86 1.31 1.14 4.83
2005 02 19 20.37 10.01 117.28 1.18 0.98 4.31
2005 02 20 20.4 10.45 113.3 1.64 1.33 6.65
2005 02 21 20.17 9.87 107.21 1.25 1.07 4.65
2005 02 22 20.19 8.96 109.57 1.35 1.18 5.08
2005 02 23 20.13 8.88 112.78 1.29 1.09 4.57
2005 02 24 21.55 10.62 116.61 1.67 1.37 5.58
2005 02 25 19.86 10.41 110.49 0.96 0.81 3.58
2005 02 26 21.04 10.21 115.24 1.67 1.34 5.61
2005 02 27 20.07 9.74 108.95 1.26 1.04 4.33
2005 02 28 19.3 10.11 107.29 1.26 1.04 4.48
2005 03 01 18.79 10.44 109.1 1.26 1.05 4.37
2005 03 02 20.34 9.68 108.63 1.4 1.2 4.92
2005 03 03 20.31 10.76 108.5 1.39 1.2 4.88
2005 03 04 19.56 10.33 107.39 1.05 0.9 3.85
2005 03 05 19.79 10.47 112.52 1.24 1.04 4.39
2005 03 06 20.5 8.64 107.32 1.44 1.27 5.09
2005 03 07 19.65 10.94 108.03 1.41 1.23 5.03
2005 03 08 20.46 9.64 119.33 2.37 1.96 7.81
2005 03 09 21 9.82 124.7 2.48 2.09 7.94
2005 03 10 19.69 9.42 104.31 1.46 1.28 5.1
2005 03 11 20.16 10.47 105.29 1.49 1.28 5.28
2005 03 12 19.13 10.54 109.37 1.13 0.97 4.08
2005 03 13 21 10.73 111.05 1.52 1.32 5.31
2005 03 14 20.38 10.63 110.65 1.66 1.41 5.78
2005 03 15 20.42 9.58 108.55 1.6 1.34 5.55
2005 03 16 18.72 9.21 103.81 1.38 1.25 4.8
2005 03 17 20.44 9.25 102.45 1.41 1.26 5
2005 03 18 20.16 10.94 122.41 1.95 1.69 6.62
2005 03 19 19.23 11.26 117.15 2.05 1.8 6.73
2005 03 20 19.34 8.77 106.27 1.39 1.27 5.15
2005 03 21 19.68 11.33 108.06 1.41 1.28 5.04
2005 03 22 18.09 10.29 108.08 1.41 1.26 5.06
2005 03 23 19.68 11.62 104.53 1.45 1.28 5.37
2005 03 24 19.86 11.35 101.08 1.62 1.43 5.59
2005 03 25 18.51 12.12 101.11 1.44 1.28 5.18
2005 03 26 18.55 11.23 108.15 1.47 1.33 5.2
2005 03 27 16.78 10.79 100.23 1.51 1.35 5.27
2005 03 28 19.04 9.22 99.18 1.39 1.25 5.24
2005 03 29 18.09 9.64 98.17 1.48 1.37 5.47
2005 03 30 18.43 11.53 104.9 1.43 1.26 5.15
2005 03 31 18.9 11.02 105.61 1.44 1.3 5.11
2005 04 01 17.33 12.1 117.01 2.25 2.03 7.69
2005 04 02 16.35 8.89 103.88 1.51 1.33 5.21
2005 04 03 18.31 7.68 101.38 1.51 1.36 5.31
2005 04 04 17.48 11.29 102.65 1.48 1.32 5.33
2005 04 05 17.87 11.54 100.23 1.48 1.32 5.19
2005 04 06 18.01 10.07 108.07 1.5 1.34 5.25
2005 04 07 17.75 8.78 106.65 1.51 1.36 5.38
2005 04 08 17.73 9.55 101.44 1.5 1.33 5.47
2005 04 09 17.83 12.01 115.22 2.16 1.9 7.19
2005 04 10 19.07 12.09 117.67 2.04 1.81 7.1
2005 04 11 18.72 9.3 106.07 1.48 1.32 5.2
2005 04 12 17.87 10.41 109.31 1.49 1.32 5.22
2005 04 13 20.5 10.85 109.16 1.52 1.36 5.4
2005 04 14 18.76 10.8 103.62 1.52 1.35 5.38
2005 04 15 18.48 11.31 107.36 1.57 1.37 5.43
2005 04 16 17.65 9.68 111.58 1.5 1.29 5.21
2005 04 17 17.69 9.47 105.42 1.49 1.3 5.22
2005 04 18 18.25 11.01 107.11 1.52 1.33 5.32
2005 04 19 18.46 11.97 109.6 1.5 1.3 5.26
2005 04 20 17.49 10.34 102.04 1.53 1.3 5.32
2005 04 21 17.95 11.64 116.62 2.23 1.94 7.41
2005 04 22 19.17 11.84 117.79 2.12 1.84 7.39
2005 04 23 17.76 10.26 105.04 1.47 1.28 5.21
2005 04 24 17.82 11.59 106.19 1.49 1.29 5.21
2005 04 25 16.65 10.89 103.9 1.44 1.23 5.07
2005 04 26 18.17 12.35 99.79 1.41 1.22 4.97
2005 04 27 18.03 11.9 103.02 1.37 1.2 4.83
2005 04 28 18.54 11.45 105.98 1.41 1.22 5.03
2005 04 29 18.92 11.31 115.1 2.02 1.75 7.06
2005 04 30 18.78 12.26 115.74 1.98 1.7 6.81
2005 05 01 19.57 10.98 114.86 2.14 1.87 7.18
2005 05 02 17.05 11.3 104.21 1.46 1.25 5.13
2005 05 03 17.68 11.25 102.54 1.41 1.22 5.02
2005 05 04 16.82 12.09 100.69 1.46 1.24 5.11
2005 05 05 16.86 11.63 105.08 1.43 1.23 5.13
2005 05 06 16.35 12.46 101.6 1.46 1.25 5.27
2005 05 07 17.74 11.78 112.74 2.07 1.83 7.1
2005 05 08 17.82 11.21 112.87 2.1 1.91 6.98
2005 05 09 15.73 10.91 105.94 1.14 1.01 4.23
2005 05 10 17.86 11.63 112.95 2.08 1.78 7.08
2005 05 11 17.93 10.95 104.07 1.09 0.94 4.06
2005 05 12 17.43 13.52 106.1 1.36 1.17 4.77
2005 05 13 16.57 12.35 109.81 1.46 1.27 5.11
2005 05 14 16.73 10.32 120.77 2.2 1.93 7.58
2005 05 15 13.44 13.43 104.51 1.59 1.42 5.8
2005 05 16 16.23 11.13 100.45 1.49 1.31 5.39
2005 05 17 14.84 11.27 97.99 1.55 1.33 5.44
2005 05 18 15.16 10.83 101.62 1.39 1.18 4.95
2005 05 19 17.07 10.32 105.41 1.3 1.13 4.63
2005 05 20 16.16 9.52 103.06 1.7 1.56 5.98
2005 05 21 19.43 12.58 110.51 1.63 1.45 6.03
2005 05 22 17.7 12.27 109.48 1.46 1.29 5.18
2005 05 23 15.13 10.2 96.91 1.61 1.45 5.79
2005 05 24 16.51 10.99 104.96 1.2 1.04 4.59
2005 05 25 16.38 12.54 103.63 1.13 1 4.26
2005 05 26 18.96 13.42 105.13 1.93 1.76 6.42
2005 05 27 14.77 11.74 92.01 1.33 1.12 4.85
2005 05 28 14.48 12.28 92.06 1.4 1.2 5.01
2005 05 29 19.35 13.99 107.44 2.08 1.75 6.91
2005 05 30 16.91 12.6 97.75 1.47 1.26 5.14
2005 05 31 14.65 12.95 95.92 1.4 1.19 5.01
2005 06 01 14.28 9.67 99.45 1.46 1.27 5.24
2005 06 02 15.96 12.67 100.19 1.87 1.61 6.03
2005 06 03 15.64 11.97 96.47 1.38 1.18 4.85
2005 06 04 14.71 12.47 91.34 1.44 1.41 5.21
2005 06 05 17.11 12.52 100.25 1.53 1.3 5.23
2005 06 06 15.37 12.91 111 2.31 1.9 7.84
2005 06 07 13.97 12.06 90.32 1.32 1.13 4.57
2005 06 08 15.59 12.74 101.55 1.87 1.57 6.03
2005 06 09 15.72 11.74 99.73 1.13 0.97 4.32
2005 06 10 15.15 12.56 96.81 1.11 0.96 4.19
2005 06 11 14.76 11.22 98.47 1.2 1.05 4.69
2005 06 12 14.81 12.09 97.77 1.11 0.99 4.28
2005 06 13 16.39 13.28 100.06 1.94 1.66 6.2
2005 06 14 13.79 12.53 96.99 1.33 1.1 4.74
2005 06 15 15.08 10.73 92.56 1.19 1.02 4.37
2005 06 16 17.44 12.74 101.23 1.62 1.38 5.47
2005 06 17 14.7 9.49 88.33 1.52 1.28 5.55
2005 06 18 15.83 11.48 92.28 2.21 1.92 7.42
2005 06 19 17.67 11.43 97.49 2.02 1.7 6.74
2005 06 20 14 8.86 86.87 1.36 1.13 4.91
2005 06 21 16.28 11.07 104.59 2.32 2 7.95
2005 06 22 16.68 10.92 101.3 1.67 1.39 5.87
2005 06 23 15.96 11.65 89.28 2.75 2.4 9.56
2005 06 24 14.71 12.46 84.99 1.75 1.52 5.94
2005 06 25 16.39 12.86 92.98 2.53 2.16 8.77
2005 06 26 15.21 13.2 97.84 2.38 2.05 8.16
2005 06 27 15.61 13 97.3 2.28 1.91 7.34
2005 06 28 18.2 13.06 96.68 2.19 1.8 7.2
2005 06 29 13.56 13.87 89.5 1.19 1.01 4.26
2005 06 30 14.98 13.43 89.69 1.23 1.08 4.37
2005 07 01 14.94 13.19 88.53 1.25 1.04 4.59
2005 07 02 14.62 16.44 81.96 2.55 2.14 8.54
2005 07 03 16.39 13.99 97.06 1.55 1.33 5.27
2005 07 04 13.81 12.37 92.01 1.33 1.1 4.62
2005 07 05 13 11.5 87.9 1.33 1.09 4.71
2005 07 06 16.51 13.21 98.59 2.09 1.71 6.95
2005 07 07 16.22 14.01 96.14 2.21 1.86 7.42
2005 07 08 13.88 11.31 90.2 1.41 1.15 4.89
2005 07 09 13.23 12.16 83.21 1.55 1.37 5.24
2005 07 10 14.93 11.68 85.11 1.55 1.29 5.27
2005 07 11 15.43 13.8 91.26 1.53 1.26 5.25
2005 07 12 13.75 15.05 86.13 1.45 1.19 5.03
2005 07 13 14.79 12.2 98.81 2.15 1.75 7.17
2005 07 14 13.58 11.56 92.8 1.24 1.03 4.52
2005 07 15 16.55 11.51 98.31 2 1.68 6.45
2005 07 16 14.89 9.71 83.88 1.53 1.26 5.29
2005 07 17 17.66 13.24 100.32 2.15 1.76 7.08
2005 07 18 15.15 13.57 90.66 1.38 1.13 4.8
2005 07 19 15.41 12.69 90.02 2.02 1.64 6.65
2005 07 20 17.13 14.11 97.29 2.14 1.76 7.17
2005 07 21 12.69 16.18 87.99 1.21 1 4.39
2005 07 22 13.4 11.84 86.58 1.15 0.95 4.28
2005 07 23 13.53 15.75 90.43 1.69 1.4 5.85
2005 07 24 11.72 14.54 84.91 1.45 1.22 5.19
2005 07 25 16.63 14.49 93.1 2.68 2.26 9.35
2005 07 26 15.55 13.71 82.95 1.44 1.22 5.08
2005 07 27 15.04 12.62 84.96 1.99 1.69 6.7
2005 07 28 14.91 13.15 85.91 1.87 1.63 6.38
2005 07 29 16.29 12.78 96.37 2.05 1.74 6.76
2005 07 30 14.66 13.64 97.13 2.12 1.8 7.21
2005 07 31 13.51 12.22 86.57 1.35 1.14 4.8
2005 08 01 11.7 13.01 83.53 1.59 1.37 5.63
2005 08 02 13.97 11.28 89.52 3.62 3.08 13.59
2005 08 03 15.51 14.6 86.71 1.74 1.46 5.98
2005 08 04 14.03 12.05 91.08 2.14 1.78 7.34
2005 08 05 14.52 11.5 88.34 2.12 1.77 7.52
2005 08 06 11.78 13.98 82.34 1.46 1.23 5.08
2005 08 07 14.22 13.98 88.56 2.4 2.03 8.33
2005 08 08 16.5 14.04 96.23 2.09 1.76 7.07
2005 08 09 14.67 14.12 91.69 2.29 1.92 7.77
2005 08 10 16.98 13.59 100.58 2.33 1.94 8.13
2005 08 11 15.02 14.8 92.39 2.69 2.31 9.11
2005 08 12 12.75 13.34 76.98 1.6 1.33 5.51
2005 08 13 15.14 14.14 76.84 1.5 1.24 5.12
2005 08 14 18.02 13.08 89.17 2.08 1.76 6.64
2005 08 15 13.21 12.35 80.25 1.4 1.18 5.03
2005 08 16 17.17 12.86 89.89 2.11 1.78 7.17
2005 08 17 13 12.74 78.63 1.4 1.17 4.79
2005 08 18 13.93 14.01 73.41 1.53 1.28 5.42
2005 08 19 14.59 15.5 73.14 1.6 1.35 5.47
2005 08 20 12.37 13.19 72.99 1.4 1.16 4.85
2005 08 21 14.36 13.6 89.51 2.1 1.77 7.29
2005 08 22 15.15 11.91 89.57 2.59 2.18 8.43
2005 08 23 13.81 13.87 72.8 1.58 1.32 5.41
2005 08 24 16.21 12.49 66.94 1.43 1.19 4.98
2005 08 25 14.89 13.76 73.95 1.39 1.16 5.05
2005 08 26 13.56 12.86 74.1 1.34 1.1 4.59
2005 08 27 17.3 13.55 87.73 2.09 1.78 6.61
2005 08 28 13.92 14.08 72.27 1.24 1.02 4.32
2005 08 29 14.02 13.07 74.27 1.3 1.07 4.59
2005 08 30 15.48 16.26 69.38 1.49 1.24 5.11
2005 08 31 14 15.7 73.04 1.28 1.04 4.39
2005 09 01 14.16 15.76 76.3 1.26 1.06 4.43
2005 09 02 14.2 14.47 71.13 1.34 1.1 4.58
2005 09 03 13.17 14.94 70.99 1.51 1.28 5.24
2005 09 04 15.02 14.2 86.14 2.1 1.74 7.13
2005 09 05 14.83 13.12 85.43 2.06 1.75 6.6
2005 09 06 13.91 15.08 69.71 1.33 1.09 4.57
2005 09 07 14.51 16.12 69.72 1.24 1.03 4.37
2005 09 08 13.78 14.29 69.76 1.43 1.19 4.86
2005 09 09 14.95 14.41 78.27 2.59 2.24 8.84
2005 09 10 15.2 13.36 64.9 1.65 1.39 5.75
2005 09 11 14.77 14.63 70.2 1.3 1.08 4.38
2005 09 12 13.57 15.32 72.69 1.32 1.1 4.47
2005 09 13 13.03 14.99 73.12 1.29 1.06 4.3
2005 09 14 13.64 16.06 76.56 1.44 1.22 4.8
2005 09 15 14.08 15.25 76.39 1.42 1.15 4.86
2005 09 16 13.29 14.8 73.11 1.32 1.08 4.42
2005 09 17 14.36 14.36 79.03 1.77 1.52 5.88
2005 09 18 12.69 14.85 73.22 1.39 1.14 4.82
2005 09 19 11.5 15.83 74.11 1.3 1.1 4.57
2005 09 20 13.09 14.77 75.13 1.26 1.05 4.74
2005 09 21 12.49 16.86 73.37 1.46 1.24 5.3
2005 09 22 12.16 15.1 70.54 1.34 1.12 4.68
2005 09 23 14.99 11.5 74.92 1.4 1.17 4.9
2005 09 24 13.49 14.57 74.85 1.34 1.12 4.8
2005 09 25 12.01 14.74 73.23 1.24 1.04 4.3
2005 09 26 12.35 15.19 73.53 1.22 1.02 4.31
2005 09 27 11.7 14.88 72.68 1.35 1.13 4.97
2005 09 28 12.76 16.48 68.9 1.38 1.14 4.93
2005 09 29 12.43 14.8 73.1 1.32 1.09 4.6
2005 09 30 12.13 17.01 68.96 1.29 1.06 4.53
2005 10 01 14.57 11.24 72.9 1.76 1.5 5.9
2005 10 02 12.17 14.97 70.42 1.3 1.08 4.62
2005 10 03 15.63 14.71 79.42 1.85 1.58 6.09
2005 10 04 12.72 15.67 73.88 1.27 1.04 4.57
2005 10 05 13.86 14.29 76.74 1.79 1.52 5.71
2005 10 06 13.16 13.88 76.72 1.26 1.04 4.56
2005 10 07 11.96 13.94 72.5 1.32 1.1 4.68
2005 10 08 14.12 13.42 76.03 1.67 1.42 5.6
2005 10 09 12.34 12.95 70.47 1.23 1.02 4.64
2005 10 10 13.35 14.03 75.92 1.59 1.38 5.36
2005 10 11 13.03 13.07 72.64 1.23 1.01 4.33
2005 10 12 12.78 13.76 72.84 1.79 1.51 5.73
2005 10 13 12.96 14.8 68.31 1.44 1.21 5.01
2005 10 14 12.18 14.07 66.1 1.28 1.05 4.42
2005 10 15 12.35 13.53 70.48 1.28 1.05 4.89
2005 10 16 12.11 15.63 63.02 1.31 1.09 4.91
2005 10 17 10.93 15.24 67.8 1.32 1.09 5.22
2005 10 18 11.75 14.38 64.16 1.26 1.05 4.98
2005 10 19 12.63 13.25 61.48 1.28 1.07 4.97
2005 10 20 10.15 14.99 56.39 1.36 1.12 5.18
2005 10 21 14.92 13.53 74.18 1.97 1.65 6.18
2005 10 22 14.15 13.57 76.18 1.72 1.44 5.49
2005 10 23 13.17 13.24 74.05 1.79 1.5 5.73
2005 10 24 11.5 13 67.44 1.23 1.01 4.75
2005 10 25 11.8 13.47 65.69 1.19 0.97 4.34
2005 10 26 11.88 14.17 66.49 1.62 1.37 5.4
2005 10 27 13.19 13.68 70.97 1.76 1.52 5.88
2005 10 28 11.64 11.62 64.31 1.35 1.12 4.96
2005 10 29 10.71 16.28 61.14 1.29 1.08 4.69
2005 10 30 12.5 14.31 68.32 1.17 0.97 4.33
2005 10 31 9.84 15.3 64.71 1.21 1.05 4.47
2005 11 01 8.47 11.84 59.25 1.36 1.16 4.77
2005 11 02 11.31 15.2 57.92 1.36 1.16 4.94
2005 11 03 11.41 15.91 58 1.3 1.12 4.83
2005 11 04 11.3 14.32 56.51 1.31 1.12 4.83
2005 11 05 10.83 17.25 60.6 1.29 1.09 4.81
2005 11 06 11.75 15.08 57.3 1.25 1.06 4.85
2005 11 07 13.19 12.99 59.64 1.33 1.13 4.86
2005 11 08 14.87 17.65 58.87 1.29 1.11 5.02
2005 11 09 12.92 18.2 67.17 1.25 1.05 4.96
2005 11 10 11.8 14.45 70.44 1.81 1.56 5.98
2005 11 11 13.91 16.61 60.22 1.33 1.13 4.91
2005 11 12 12.46 17.64 55.37 1.35 1.16 4.95
2005 11 13 12.24 19.34 65.37 1.32 1.12 4.77
2005 11 14 12.12 18.68 59.37 1.33 1.12 4.92
2005 11 15 13.18 20.4 68.59 1.21 1 4.76
2005 11 16 12.6 18.6 64.41 1.15 0.94 4.23
2005 11 17 12.44 15.24 70.86 1.81 1.5 5.4
2005 11 18 12.11 15.32 71.06 1.75 1.46 5.45
2005 11 19 12.54 18.84 64.09 1.18 0.97 4.42
2005 11 20 11.43 17.32 64.4 1.17 0.95 4.14
2005 11 21 11.91 18.37 64.11 1.16 0.94 4.09
2005 11 22 11.96 18.15 63.17 1.15 0.94 4.14
2005 11 23 11.85 17.52 62.28 1.17 0.95 3.99
2005 11 24 11.89 17.83 61.23 1.14 0.93 4
2005 11 25 10.48 18.06 60.37 1.22 0.99 4.18
2005 11 26 10.66 17.68 56.71 1.22 0.99 4.45
2005 11 27 10.66 18.03 61.91 1.15 0.92 4.02
2005 11 28 11.29 18.65 65.52 1.15 0.92 3.99
2005 11 29 10.28 17.24 64.03 1.7 1.38 5.35
2005 11 30 8.88 17.46 63.73 1.16 0.93 4.2
2005 12 01 8.9 15.32 71.75 1.64 1.32 5.41
2005 12 02 12.72 15.53 59.61 1.85 1.48 6.12
2005 12 03 11.01 19.55 59.52 1.29 1.04 4.67
2005 12 04 10.48 19.88 60.16 1.26 1 4.3
2005 12 05 10.06 19.41 61.59 1.26 1.01 4.28
2005 12 06 10.74 20.05 63.48 1.25 0.99 4.3
2005 12 07 10.33 18.69 61.25 1.22 1 4.14
2005 12 08 10.18 16.04 58.12 1.7 1.38 5.58
2005 12 09 7.87 18.82 56.13 1.27 1 4.45
2005 12 10 8.77 17.99 57.96 1.27 1.01 4.41
2005 12 11 11.28 14.65 61.33 1.75 1.4 5.64
2005 12 12 8.81 16.21 52.65 1.22 0.96 4.16
2005 12 13 10.27 15.34 57.01 1.74 1.38 5.6
2005 12 14 7.5 15.48 58.41 1.18 0.93 4.13
2005 12 15 8.14 16.49 56.78 1.16 0.91 3.97
2005 12 16 8.34 15.58 57.07 1.16 0.91 4.06
2005 12 17 11.35 15.41 65.45 1.85 1.48 5.67
2005 12 18 7.78 16.22 57.63 1.13 0.89 3.97
2005 12 19 8.27 17.43 58.76 0.95 0.76 3.49
2005 12 20 5.93 15.23 60.13 1.01 0.81 3.72
2005 12 21 8.55 14.35 65.8 1.88 1.55 5.98
2005 12 22 7.59 14.97 47.18 1.33 1.07 4.72
2005 12 23 10.73 13.63 56.14 2.19 1.78 7.17
2005 12 24 6.94 17.7 59.78 1.34 1.04 4.73
2005 12 25 9.1 15.26 54.34 1.04 0.83 3.74
2005 12 26 8.23 15.56 52.29 1.29 1 4.52
2005 12 27 8 16.53 51.42 1.29 0.99 4.51
2005 12 28 6.49 11.44 51.27 1.29 0.99 4.53
2005 12 29 7.53 12.04 49.65 1.34 1.04 4.8
2005 12 30 5.89 14.16 54.04 1.31 1.02 4.6
2005 12 31 6.61 12.71 49.74 1.24 0.98 4.57
2006 01 01 7.1 11.95 58.23 2.18 1.7 6.91
2006 01 02 6.66 13.97 51.34 1.14 0.94 4.7
2006 01 03 8.2 12.45 56.14 1.9 1.48 6.19
2006 01 04 8.02 17.73 56.38 1.31 1.01 4.58
2006 01 05 9.35 17.15 54.79 1.31 1.01 4.49
2006 01 06 8.32 15.14 66.12 1.8 1.39 5.92
2006 01 07 7.87 14.55 56.55 1.81 1.41 5.86
2006 01 08 8.98 16.6 47.99 1.33 1.03 4.65
2006 01 09 8.26 17.11 49.65 1.31 1.03 4.48
2006 01 10 6.87 15.64 60.21 1.88 1.46 6.15
2006 01 11 8.66 16.04 42.8 1.37 1.07 4.66
2006 01 12 7.97 14.55 53.94 2.03 1.59 6.45
2006 01 13 7.88 14.57 60.62 1.93 1.5 6.19
2006 01 14 8.8 12.65 57.48 2.02 1.62 6.34
2006 01 15 8.03 16.24 50.48 2.19 1.71 6.61
2006 01 16 7.87 17.13 50.2 1.23 0.95 4.31
2006 01 17 6.13 17.4 47.27 1.27 1 4.23
2006 01 18 6.22 16.66 44.61 1.31 1.03 4.6
2006 01 19 6.86 16.89 48.01 1.34 1.07 4.78
2006 01 20 7.31 16.64 57.97 2.04 1.68 6.41
2006 01 21 7.96 16.41 46.63 1.25 0.99 4.33
2006 01 22 7.14 17.39 49.63 1.01 0.82 3.67
2006 01 23 7.29 17.91 40.22 1.31 1.04 4.58
2006 01 24 7.72 17.17 50.5 1.05 0.88 3.86
2006 01 25 8.31 15.27 55.37 1.25 1.05 4.33
2006 01 26 6.9 17.93 45.45 1.02 0.91 3.69
2006 01 27 6.73 16.35 44.6 1.02 0.84 3.68
2006 01 28 5.83 16.58 51.79 1.81 1.44 5.69
2006 01 29 6.69 16.07 47.51 1 0.82 3.63
2006 01 30 6.34 16.39 48.56 1.02 0.82 3.64
2006 01 31 6.69 15.29 37.89 1.35 1.08 4.76
2006 02 01 5.19 14.72 37.13 1.32 1.06 4.66
2006 02 02 6.67 13.66 40.1 1.27 1.03 4.72
2006 02 03 7.08 14.05 41.18 1.24 0.99 4.39
2006 02 04 7.68 15.5 57.43 1.96 1.58 6.14
2006 02 05 8.43 16.68 49.58 2.18 1.77 6.86
2006 02 06 8.55 16.15 59.21 2.19 1.76 6.86
2006 02 07 5.92 14.87 44.63 1.3 1.03 4.53
2006 02 08 5.14 14.47 42.58 1.29 1.03 4.54
2006 02 09 5.76 15.47 47.1 1.32 1.05 4.6
2006 02 10 6.4 14.62 47.94 1.31 1.04 4.51
2006 02 11 6.13 15.21 51.45 1.25 0.99 4.41
2006 02 12 7.36 16.87 52.64 2.04 1.66 6.13
2006 02 13 6.28 16.39 51.64 1.26 1 4.38
2006 02 14 6.78 14.64 47.33 1.26 1.01 4.37
2006 02 15 6.62 15.03 45.2 1.18 0.93 4.29
2006 02 16 6.88 16.24 53.22 1.21 0.96 4.24
2006 02 17 7.95 16.59 53.51 2.29 1.85 7.26
2006 02 18 7.78 14.99 43.2 1.45 1.17 5.08
2006 02 19 5.4 15.75 37.91 1.45 1.17 5
2006 02 20 7.51 16.85 49.9 2.37 1.91 7.46
2006 02 21 6.33 16 41.07 1.3 1.05 4.51
2006 02 22 8.08 16.41 47.76 2.04 1.65 6.49
2006 02 23 6.48 14.22 44.08 1.41 1.15 4.85
2006 02 24 6.65 13.54 42.42 1.36 1.1 4.66
2006 02 25 8.56 14.73 54.98 2.06 1.67 6.48
2006 02 26 7.18 16.89 54.35 1.97 1.59 6.35
2006 02 27 8 14.47 50.13 1.99 1.64 6.68
2006 02 28 8.68 13.7 44.74 2.27 1.86 7.17
2006 03 01 6.71 16.47 36.33 1.36 1.1 4.66
2006 03 02 5.74 16.3 40.66 1.48 1.22 5.06
2006 03 03 6.71 15.28 38.33 1.38 1.11 4.89
2006 03 04 7.85 17.39 46.4 2.43 2.02 7.35
2006 03 05 5.85 15.5 43.27 1.24 1.04 4.35
2006 03 06 7.44 16.81 43.24 1.98 1.68 6.46
2006 03 07 8.13 18.04 40.65 2.11 1.76 6.94
2006 03 08 7.93 17.62 41.14 2.1 1.76 6.88
2006 03 09 5.37 15.53 32.15 1.31 1.1 4.65
2006 03 10 5.26 16.92 33.93 1.18 1.01 4.29
2006 03 11 5.83 17.57 38.82 1.24 1.06 4.43
2006 03 12 6.55 17.13 41.04 1.03 0.87 3.63
2006 03 13 5.05 17.29 40.45 1.28 1.07 4.29
2006 03 14 7.51 15.88 46.71 2.21 1.95 7.35
2006 03 15 6.13 16.61 38.85 1.27 1.07 4.35
2006 03 16 6.88 18.2 56.63 2.13 1.77 6.96
2006 03 17 5.63 16.64 38.98 1.33 1.11 4.54
2006 03 18 5.87 16.22 35.99 1.4 1.17 4.82
2006 03 19 8.96 18.23 48.23 2.31 1.97 7.74
2006 03 20 5.82 15.4 39.57 1.37 1.15 4.61
2006 03 21 5.97 16.64 40.73 1.41 1.18 4.74
2006 03 22 5.93 14.18 40.19 1.42 1.21 4.86
2006 03 23 4.66 16.14 40.01 1.45 1.23 4.89
2006 03 24 4.68 16.05 38.43 1.48 1.24 4.88
2006 03 25 4.66 16.11 41.74 2.34 2.01 7.64
2006 03 26 6.45 16.7 43.28 2.66 2.37 8.59
2006 03 27 4.76 16.78 39.37 1.5 1.25 4.95
2006 03 28 4.77 13.31 40.19 1.52 1.26 5.61
2006 03 29 4.56 16.53 34.56 1.42 1.19 4.9
2006 03 30 4.46 18.19 36.82 1.33 1.13 4.51
2006 03 31 5.53 17.73 46.09 2.26 2 7.24
2006 04 01 4.56 17.02 34.9 1.36 1.13 4.63
2006 04 02 5.87 16.77 49.55 2.32 2.01 7.69
2006 04 03 3.15 18.62 44.16 1.35 1.11 4.61
2006 04 04 6.56 17.73 48.58 2.22 1.87 7.46
2006 04 05 4.11 16.28 28.89 1.57 1.29 5.45
2006 04 06 4.53 17.24 34.92 1.41 1.16 4.86
2006 04 07 3.81 19.09 36.3 1.46 1.18 4.81
2006 04 08 5.62 16.55 38.13 1.46 1.22 4.86
2006 04 09 4.83 16.65 38.3 1.45 1.24 4.95
2006 04 10 5.66 16.18 40.79 2.4 2.1 8.04
2006 04 11 4.66 16.85 43.26 2.39 2.07 7.94
2006 04 12 4.72 16.53 38.03 1.39 1.16 4.75
2006 04 13 3.72 16.3 28.91 1.52 1.28 5.23
2006 04 14 3.25 16.38 35.5 1.45 1.21 5.1
2006 04 15 5.14 16.26 28.62 1.45 1.2 4.86
2006 04 16 3.11 17.08 29.28 1.39 1.16 4.73
2006 04 17 4.08 18.52 31.29 1.4 1.16 4.77
2006 04 18 4.19 18.47 35.94 1.43 1.18 4.74
2006 04 19 4.21 17.87 36.05 1.44 1.17 4.71
2006 04 20 2.69 17.83 34.52 1.43 1.19 4.72
2006 04 21 5.25 16.54 48.65 2.14 1.82 7.09
2006 04 22 4.69 17.19 42.66 2.25 1.93 7.47
2006 04 23 5.14 17.52 44.85 2.27 1.99 7.57
2006 04 24 3.28 18.11 29.94 1.37 1.13 4.59
2006 04 25 5.18 15.31 45.54 2.35 2.05 7.8
2006 04 26 2.08 18.94 28.89 1.49 1.27 4.98
2006 04 27 5.18 17.81 46.67 2.5 2.18 8.12
2006 04 28 3.38 15.99 32.45 1.43 1.19 4.86
2006 04 29 5.55 18.51 47.63 2.46 2.13 8.12
2006 04 30 4.97 17.52 46.35 2.51 2.19 8.26
2006 05 01 2.55 18.22 32.76 1.49 1.23 4.97
2006 05 02 2.85 18.01 38.01 1.17 1.01 4.12
2006 05 03 4.86 18.82 41.82 1.65 1.42 5.61
2006 05 04 3.02 18.13 35.72 1.5 1.3 5.07
2006 05 05 2.83 18.38 34.21 1.22 1.02 4.25
2006 05 06 3.41 19.21 36.91 1.25 1.06 4.33
2006 05 07 2.06 18.81 23.64 1.55 1.3 5.3
2006 05 08 0.67 17.68 33.87 1.45 1.2 4.93
2006 05 09 1.61 20.28 34.77 1.39 1.15 4.7
2006 05 10 1.61 19.11 36.93 1.37 1.12 4.55
2006 05 11 5.1 17.65 45.47 2.37 2.12 7.61
2006 05 12 1.09 18.32 26.51 1.48 1.24 4.91
2006 05 13 4.15 17.63 38.83 2.36 1.99 7.46
2006 05 14 2.13 18.36 27.38 1.38 1.17 4.62
2006 05 15 3.58 19.71 30.71 1.48 1.25 4.94
2006 05 16 2.69 19.95 36.61 2.74 2.29 7.97
2006 05 17 2.47 20.35 19.97 1.54 1.25 5.2
2006 05 18 3.21 20.41 44.26 3.57 3.06 10.1
2006 05 19 1.93 22.41 25.07 1.51 1.24 4.97
2006 05 20 1.79 20.32 21.44 1.6 1.28 5.3
2006 05 21 3.86 19.34 25.11 1.53 1.22 5.11
2006 05 22 2.05 19.9 22.05 1.24 1.01 4.38
2006 05 23 0.98 20.92 15.77 1.43 1.17 4.77
2006 05 24 2.33 20.85 26.72 1.25 1.02 4.15
2006 05 25 3.67 17.47 32.97 2.43 1.93 7.37
2006 05 26 2.7 19.5 18.82 1.47 1.15 4.95
2006 05 27 1.65 19.4 14.91 1.42 1.13 4.84
2006 05 28 4.83 17.85 36.21 2.26 1.79 6.93
2006 05 29 0.72 19.99 21.22 1.36 1.08 4.64
2006 05 30 1.14 20.08 27.17 1.47 1.17 4.82
2006 05 31 1.01 21.04 23.48 1.38 1.09 4.46
2006 06 01 0.44 19.28 24.41 1.32 1.05 4.32
2006 06 02 0.58 20.53 21.28 1.36 1.16 4.52
2006 06 03 2.19 21.6 11.85 1.59 1.25 5.31
2006 06 04 0.07 19.53 20.43 1.53 1.2 5.06
2006 06 05 1.87 19.94 24.31 1.61 1.25 5.37
2006 06 06 1.39 18.92 18.91 1.55 1.23 5.26
2006 06 07 0.01 19.18 17.43 1.48 1.16 4.95
2006 06 08 3.49 19.58 28.78 3.14 2.67 10.1
2006 06 09 0.55 21.69 18.94 1.53 1.2 4.97
2006 06 10 0.4 19.34 13.63 1.59 1.26 5.15
2006 06 11 0.18 20.47 17.49 1.43 1.11 4.59
2006 06 12 0.17 17.44 18 1.43 1.12 4.71
2006 06 13 0.58 18.98 18.78 1.5 1.21 4.99
2006 06 14 0.2 21.32 14.83 1.75 1.39 5.64
2006 06 15 1.19 18.76 22.91 2.57 2.24 8.13
2006 06 16 1.57 20.64 27.25 2.59 2.05 7.94
2006 06 17 0.33 20.82 25.73 1.55 1.23 5.05
2006 06 18 0.56 19.8 14.34 1.41 1.13 4.75
2006 06 19 0.05 19.54 17.31 1.55 1.25 5.11
2006 06 20 0.17 22.78 13.32 1.68 1.34 5.46
2006 06 21 0.75 20.99 19.19 1.43 1.14 4.69
2006 06 22 1.07 18.64 18.42 1.45 1.16 4.93
2006 06 23 2.47 19.79 31.57 1.64 1.37 5.36
2006 06 24 0.48 19.83 18.9 1.56 1.27 5.14
2006 06 25 2.9 18.75 9.98 1.59 1.31 5.26
2006 06 26 0.78 19.19 13.41 1.56 1.26 5.16
2006 06 27 1.58 20.49 14.04 1.64 1.33 5.46
2006 06 28 0.35 19.71 24.43 1.51 1.24 5.02
2006 06 29 0.01 19.06 17.2 1.49 1.23 4.91
2006 06 30 1.39 19.62 14.1 1.61 1.32 5.38
2006 07 01 1.81 22.86 24 1.85 1.48 5.94
2006 07 02 0.29 21.15 16.82 1.61 1.32 5.3
2006 07 03 1.02 20.47 21.98 1.5 1.21 4.96
2006 07 04 0.59 20.44 18.19 1.38 1.12 4.61
2006 07 05 1.03 20.51 13.33 1.58 1.26 5.27
2006 07 06 2.95 20.88 25.67 1.53 1.22 5.08
2006 07 07 0.51 20.24 16.42 1.54 1.24 5.16
2006 07 08 0.08 16.12 15.85 2.65 2.26 8.96
2006 07 09 0.54 20.2 13.14 1.73 1.4 5.56
2006 07 10 0.98 20.79 17.28 1.37 1.12 4.58
2006 07 11 0.1 18.15 23.72 2.54 2.11 8.21
2006 07 12 0.86 21.03 15.33 1.37 1.12 4.55
2006 07 13 0.31 18.41 22.2 2.08 1.85 6.65
2006 07 14 1.67 19.76 15.55 1.45 1.19 4.81
2006 07 15 1.13 20 13.19 1.5 1.25 4.93
2006 07 16 1.27 21.98 12.41 1.58 1.29 5.17
2006 07 17 1.75 21.91 12.83 1.65 1.32 5.41
2006 07 18 2.79 19.16 14.85 2.83 2.35 9.11
2006 07 19 3.85 19.31 23.65 2.25 1.87 7.38
2006 07 20 1.87 18.31 23.56 2.67 2.3 8.22
2006 07 21 1.44 18.57 12.03 1.4 1.14 4.7
2006 07 22 0.27 19.9 12.89 1.38 1.15 4.72
2006 07 23 1.95 17.05 14.09 2.75 2.35 8.87
2006 07 24 0.04 23.25 8.1 1.61 1.32 5.18
2006 07 25 0.28 22.13 9.2 1.6 1.31 5.2
2006 07 26 0.88 20.99 10.67 1.6 1.33 5.31
2006 07 27 1.46 20.85 11.46 1.46 1.2 4.76
2006 07 28 1.21 20.69 10.78 1.61 1.32 5.15
2006 07 29 0.44 19.7 2.01 1.47 1.21 4.89
2006 07 30 1.07 20.45 0.83 1.43 1.18 4.73
2006 07 31 0.55 22.44 6.48 1.36 1.12 4.49
2006 08 01 0.52 22.72 6.89 1.58 1.29 5.15
2006 08 02 1.72 22.62 7.51 1.46 1.2 4.84
2006 08 03 2.06 20.7 17.32 2.31 2.05 7.6
2006 08 04 0.22 19.75 6.23 1.57 1.3 5.13
2006 08 05 1.39 21.25 13.47 1.63 1.35 5.29
2006 08 06 0.64 22.66 7.04 1.58 1.31 5.16
2006 08 07 1.06 22.94 9.55 1.67 1.38 5.46
2006 08 08 0.13 21.25 1.76 1.58 1.3 5.15
2006 08 09 0.88 19.97 12.03 1.42 1.17 4.65
2006 08 10 1.23 19.18 5.78 1.34 1.1 4.43
2006 08 11 0.3 19.3 7.05 1.41 1.16 4.68
2006 08 12 0.27 19.66 7.5 1.51 1.24 4.93
2006 08 13 1.32 22.42 7 1.45 1.19 4.76
2006 08 14 0.36 21.26 5.28 1.27 1.05 4.27
2006 08 15 1.16 20.44 2.42 1.6 1.29 5.07
2006 08 16 0.13 20.19 3.62 1.5 1.23 4.89
2006 08 17 1.6 20.9 2.37 1.44 1.18 4.77
2006 08 18 1.43 22.02 2.65 1.53 1.26 5.05
2006 08 19 0.25 21.2 1.13 1.28 1.05 4.28
2006 08 20 1.67 21.31 2.18 1.34 1.09 4.44
2006 08 21 0.26 19.54 3.99 1.44 1.41 4.84
2006 08 22 1.17 19.59 11.4 2.4 2.01 7.86
2006 08 23 0.61 22.77 3.65 1.39 1.14 4.66
2006 08 24 0.08 22.89 5.66 1.4 1.15 4.71
2006 08 25 0.18 21.16 3.2 1.42 1.22 4.7
2006 08 26 0.14 21.57 6.95 1.56 1.32 5.2
2006 08 27 0.68 18.94 4.66 1.42 1.23 4.81
2006 08 28 1.66 20.34 0.72 1.56 1.32 5.2
2006 08 29 1.19 18.89 8.82 1.37 1.17 4.58
2006 08 30 0.06 16.14 9.17 1.48 1.24 5.02
2006 08 31 0.46 19.73 6.53 1.36 1.16 4.72
2006 09 01 0.25 19.25 3.38 1.3 1.12 4.55
2006 09 02 2.01 18.07 4.11 1.25 1.06 4.37
2006 09 03 1.8 19.21 1.42 1.29 1.08 4.37
2006 09 04 1.12 20.34 11.03 2.62 2.28 7.6
2006 09 05 1.94 20.18 0 1.41 1.18 4.75
2006 09 06 1.37 20.55 4.03 2.44 2.13 7.81
2006 09 07 1.94 20.04 1.18 1.3 1.1 4.54
2006 09 08 2.18 19.78 6.47 1.28 1.08 4.42
2006 09 09 2.22 19.95 2.06 1.42 1.19 4.76
2006 09 10 3.19 22.44 1.68 1.49 1.26 4.95
2006 09 11 2.1 19.72 3.67 3.69 2.95 11.92
2006 09 12 1.5 21.02 2.65 1.31 1.1 4.41
2006 09 13 2.08 21.25 7.62 1.37 1.14 4.66
2006 09 14 0.31 18.12 7.26 1.47 1.21 4.95
2006 09 15 1.92 20.71 0.47 1.62 1.4 5.41
2006 09 16 1.59 20.57 2.9 1.1 0.92 3.69
2006 09 17 2.27 20.38 2.26 1.28 1.06 4.24
2006 09 18 2.1 20.45 7.94 2.25 1.93 7.24
2006 09 19 3.78 17.86 5.03 1.33 1.1 4.82
2006 09 20 0.65 21.99 0.46 1.35 1.12 4.48
2006 09 21 1.42 20.08 1.96 2.42 2.05 7.96
2006 09 22 1.94 20.59 1.94 1.33 1.1 4.49
2006 09 23 1.91 17.76 0.37 1.27 1.05 4.27
2006 09 24 1.42 20.5 1.77 1.27 1.05 4.27
2006 09 25 2.07 21.51 1.31 1.31 1.09 4.41
2006 09 26 0.88 21.33 1.21 1.35 1.11 4.49
2006 09 27 2.71 19.88 3.17 2.18 1.86 7.36
2006 09 28 1.53 19.8 1.36 1.36 1.12 4.56
2006 09 29 1.36 20.87 0.13 1.36 1.12 4.51
2006 09 30 1.52 19.89 4.77 1.32 1.09 4.52
2006 10 01 0.63 19.74 4.12 1.31 1.08 4.47
2006 10 02 0.88 19.52 2.24 1.33 1.1 4.53
2006 10 03 1.7 20.02 0.66 1.44 1.19 4.84
2006 10 04 0.29 20.83 1.2 1.86 1.57 6.65
2006 10 05 1.52 20.74 3.54 1.73 1.41 6.14
2006 10 06 1.19 21.87 10.26 1.57 1.3 5.77
2006 10 07 1.9 22.15 7.52 1.4 1.14 4.88
2006 10 08 1.01 24.24 8.62 1.35 1.12 4.74
2006 10 09 1.29 21.33 7.27 2.02 1.69 6.66
2006 10 10 1.7 20.79 6.68 2.77 2.39 7.84
2006 10 11 2.19 21.23 3.5 2.08 1.74 6.82
2006 10 12 1.26 24.43 0.98 1.36 1.18 4.75
2006 10 13 0.42 22.67 4.48 1.27 1.07 4.51
2006 10 14 0.9 21.31 8.29 1.32 1.12 4.7
2006 10 15 1.01 21.85 8.68 1.33 1.13 4.75
2006 10 16 0.97 18.65 5.5 1.38 1.17 5.06
2006 10 17 0.6 21.24 0.37 1.2 1.01 4.56
2006 10 18 0.89 23.23 7.26 1.21 1.03 4.45
2006 10 19 1.36 22.28 3.54 1.34 1.13 4.52
2006 10 20 0.82 20.46 4.4 1.44 1.21 5.09
2006 10 21 2.03 22.79 4.92 1.29 1.08 4.28
2006 10 22 1.58 23.13 0.87 1.26 1.06 4.25
2006 10 23 2.19 24.22 3.95 1.23 1.04 4.13
2006 10 24 1.91 24.26 3.33 1.34 1.1 4.6
2006 10 25 0.5 22.72 5.46 1.3 1.09 4.53
2006 10 26 1.62 22.1 6.55 2 1.74 6.88
2006 10 27 0.85 22.51 0.32 1.33 1.12 4.49
2006 10 28 1.14 22.36 0.44 1.31 1.1 4.48
2006 10 29 0.16 22.51 1.74 1.39 1.16 4.64
2006 10 30 1.73 23.44 0.37 1.3 1.08 4.48
2006 10 31 0.41 23.34 5.94 1.21 1.02 4.25
2006 11 01 0.89 23.92 0.03 1.18 0.98 4.23
2006 11 02 0.71 24.23 4.47 1.29 1.07 4.41
2006 11 03 2.88 21.78 1.34 1.24 1.03 4.21
2006 11 04 3.38 23.33 2.81 1.21 0.98 4.13
2006 11 05 4.04 23.36 12.21 1.38 1.16 4.98
2006 11 06 3.33 22.79 7.52 1.31 1.1 4.85
2006 11 07 4.75 25.58 10.84 1.53 1.28 5.43
2006 11 08 2.6 22.66 5.46 1.55 1.29 5.54
2006 11 09 2.28 23.85 2.84 1.39 1.16 5.08
2006 11 10 3.79 24.22 3.41 1.32 1.09 4.62
2006 11 11 2.21 22.78 5.79 1.36 1.14 4.76
2006 11 12 2.92 25.99 3.79 1.21 1 4.25
2006 11 13 4.57 19.34 8.28 1.26 1.05 4.68
2006 11 14 2.03 23.95 10.76 1.24 1.02 4.62
2006 11 15 3.25 24.3 5.19 1.21 1 4.17
2006 11 16 5.19 24.86 10.49 1.2 1 4.18
2006 11 17 3.15 25.54 5.34 1.22 1.02 4.28
2006 11 18 2.64 25.88 3.82 1.18 0.98 4.15
2006 11 19 3.91 25.16 6.21 1.28 1.06 4.64
2006 11 20 3.97 25.24 11.73 1.44 1.2 5.26
2006 11 21 3.5 24.08 13.08 1.32 1.1 4.89
2006 11 22 3.06 24.45 15.63 1.36 1.14 5.04
2006 11 23 3.38 24.11 15.82 1.37 1.14 5.05
2006 11 24 1.79 24.95 11.98 1.38 1.16 5.04
2006 11 25 2.56 23.5 10.47 1.28 1.07 4.69
2006 11 26 3.56 24.84 14.02 1.29 1.07 4.69
2006 11 27 2.1 24.47 18.99 1.34 1.11 4.94
2006 11 28 2.77 25.02 15.79 1.16 0.97 4.47
2006 11 29 2.88 26.03 12.8 1.16 0.96 4.37
2006 11 30 4.08 25.96 15.86 1.23 1.02 4.43
2006 12 01 3.76 26.43 13.95 1.2 1 4.37
2006 12 02 3.65 25.63 9.91 1.15 0.96 4.18
2006 12 03 3.23 26.87 9.24 1.23 1.01 4.47
2006 12 04 4.19 26.67 12.15 1.19 0.98 4.28
2006 12 05 4.51 25.83 11.16 1.29 1.07 4.66
2006 12 06 4.58 25.53 9.26 1.27 1.03 4.64
2006 12 07 4.04 25.76 9.4 1.19 0.99 4.31
2006 12 08 4.21 25.61 10.87 1.25 1.04 4.52
2006 12 09 6.07 25.95 14.61 1.3 1.07 4.76
2006 12 10 5.49 24.83 10.29 1.31 1.08 4.86
2006 12 11 4.05 25.25 14.25 1.28 1.05 4.76
2006 12 12 5.58 25.51 14.53 1.34 1.1 4.89
2006 12 13 6.28 25.31 18.6 1.38 1.15 5.16
2006 12 14 6.36 24.48 19.56 1.36 1.13 5.02
2006 12 15 5.09 22.67 22.21 1.42 1.16 5.21
2006 12 16 4.86 24.94 15.32 1.34 1.09 4.92
2006 12 17 4.73 24.91 14.81 1.26 1.03 4.76
2006 12 18 3.71 26.57 16.7 1.24 1.02 4.65
2006 12 19 4.4 25.54 15.57 1.26 1.04 4.68
2006 12 20 4.55 25.46 15.42 1.25 1.04 4.64
2006 12 21 4.72 25.11 19.99 1.28 1.03 4.65
2006 12 22 5.12 25.49 15.17 1.25 1.02 4.75
2006 12 23 5.79 25.65 12.82 1.26 1.03 4.68
2006 12 24 5.5 27.39 14.48 1.15 0.94 4.29
2006 12 25 6.71 25.49 18.42 1.16 0.94 4.23
2006 12 26 6.54 24.21 18.86 1.23 0.99 4.48
2006 12 27 7.14 24.15 21.81 1.39 1.13 5.29
2006 12 28 5.48 24.05 11.49 1.35 1.1 5.25
2006 12 29 6.27 25.03 8.64 1.38 1.13 5.13
2006 12 30 5.77 25.1 17.11 1.34 1.1 4.96
2006 12 31 6.28 25.88 14.45 1.32 1.08 4.85
2007 01 01 5.55 26.55 13.77 1.33 1.09 4.93
2007 01 02 6.62 26.49 16.55 1.35 1.11 4.99
2007 01 03 6.21 25.19 20.45 1.4 1.14 5.13
2007 01 04 5.98 25.26 20.08 1.3 1.07 4.77
2007 01 05 6.74 25.22 17.72 1.25 1.04 4.68
2007 01 06 7.91 25.97 20.48 1.35 1.13 5.06
2007 01 07 7.58 27.02 16.06 1.33 1.12 4.9
2007 01 08 7.37 26.34 17.84 1.39 1.15 5
2007 01 09 6.45 24.8 13.38 1.32 1.07 4.72
2007 01 10 6.42 23.32 18.09 1.4 1.15 5
2007 01 11 4.98 23.32 20.1 1.3 1.06 4.79
2007 01 12 5.11 23.77 15.2 1.31 1.08 4.91
2007 01 13 4.81 24.76 19.22 1.26 1.03 4.6
2007 01 14 4.81 25.56 14.52 1.25 1.03 4.46
2007 01 15 5.29 25.67 15.36 1.24 1.02 4.39
2007 01 16 5.57 26.2 19.43 1.25 1.02 4.37
2007 01 17 6.3 26.05 17.95 1.24 1.03 4.42
2007 01 18 6.27 25.38 11.51 1.25 1.02 4.55
2007 01 19 6.78 25.7 12.17 1.3 1.08 4.79
2007 01 20 7.28 25.63 15.2 1.22 1.02 4.45
2007 01 21 7.77 24.47 13.69 1.22 1.01 4.47
2007 01 22 8.08 26.56 16.59 1.24 1.02 4.52
2007 01 23 7.95 26.09 16.43 1.27 1.05 4.63
2007 01 24 6.86 24.83 10.96 1.25 1.03 4.53
2007 01 25 7.88 24.57 13.81 1.24 1.03 4.5
2007 01 26 6.27 25.8 11.67 1.26 1.03 4.52
2007 01 27 6.33 26.3 13.86 1.27 1.03 4.6
2007 01 28 6.65 25.06 13.63 1.23 1.03 4.49
2007 01 29 5.77 26.9 14.13 0.95 0.79 3.49
2007 01 30 5.35 26.21 13.87 0.97 0.8 3.56
2007 01 31 5.86 25.51 13.84 1.28 1.04 4.55
2007 02 01 5.63 27.56 14.74 0.99 0.83 3.65
2007 02 02 6.97 26.75 17.35 1.29 1.05 4.59
2007 02 03 6.56 26.86 14.22 1.29 1.09 4.71
2007 02 04 7.16 27 17.2 1.33 1.08 4.82
2007 02 05 7.92 25.55 12.84 1.35 1.1 4.81
2007 02 06 6.85 25.95 13.06 1.34 1.09 4.8
2007 02 07 6.88 25.18 11.57 1.32 1.09 4.75
2007 02 08 4.78 30.25 6.86 1.31 1.08 4.92
2007 02 09 6.49 25.69 14.89 1.32 1.08 4.79
2007 02 10 6.29 26.23 11.56 1.01 0.84 3.77
2007 02 11 7.32 25.61 13.51 1.27 1.01 4.55
2007 02 12 6.29 26.64 6.59 1.29 1.07 4.7
2007 02 13 5.99 26.12 14.39 1.25 1.04 4.6
2007 02 14 6.7 26.22 16.16 1.24 1 4.53
2007 02 15 7.36 26.57 17.22 1.23 0.99 4.49
2007 02 16 8.2 26.62 19.76 1.4 1.13 5.04
2007 02 17 6.74 27.68 8.83 1.39 1.12 5
2007 02 18 6.53 27.85 15.91 1.25 1.04 4.44
2007 02 19 6.83 27.4 17.68 1.02 0.9 3.61
2007 02 20 7.95 27.09 22.05 1.24 1.05 4.41
2007 02 21 5.56 26.54 18.06 1 0.88 3.46
2007 02 22 5.24 25.96 16.61 1 0.89 3.62
2007 02 23 7.24 26.81 18.14 1.1 0.93 4
2007 02 24 6.92 28.33 12.9 0.94 0.83 3.25
2007 02 25 7.15 27.05 16.85 1.26 1.03 4.54
2007 02 26 7.01 26.66 17.93 1.23 1.01 4.6
2007 02 27 7.19 27.17 18.03 1.23 1.01 4.67
2007 02 28 6.83 26.96 19.36 1.29 1.06 4.8
2007 03 01 7.16 26.54 22.26 1.29 1.07 4.68
2007 03 02 6.66 27.7 21.09 1.34 1.12 4.9
2007 03 03 7.61 29.1 18.98 1 0.83 3.77
2007 03 04 6.88 28.51 17.96 1.34 1.09 4.83
2007 03 05 6.72 29.5 15.57 1.31 1.09 4.83
2007 03 06 7.25 29.02 18.73 1.36 1.12 5.03
2007 03 07 7.64 28.69 16.76 1.05 0.88 4
2007 03 08 6.94 27.71 22.39 1.51 1.23 5.54
2007 03 09 8.18 28.81 20.04 1.46 1.2 5.35
2007 03 10 6.94 29.5 15.31 1.39 1.15 5.13
2007 03 11 7.55 30.44 17.32 1.42 1.16 5.15
2007 03 12 8.42 28.69 13.72 1.5 1.21 5.45
2007 03 13 4.83 25.63 24.63 1.58 1.29 5.84
2007 03 14 6.08 26.94 14.57 1.52 1.23 5.47
2007 03 15 7.56 27.82 7.04 1.51 1.25 5.54
2007 03 16 7.78 28.39 8.63 1.42 1.15 5.15
2007 03 17 8.16 27.92 10.59 1.45 1.18 5.21
2007 03 18 8.56 29.05 12.66 1.48 1.18 5.34
2007 03 19 7.49 28.15 13.04 1.42 1.13 5.12
2007 03 20 8.72 27.55 15.21 1.54 1.21 5.46
2007 03 21 8 29.11 18.8 1.46 1.17 5.31
2007 03 22 8.62 29.41 16.05 1.42 1.13 5.13
2007 03 23 8.45 29.42 13.67 1.39 1.15 5.1
2007 03 24 7.85 29.21 14.27 1.37 1.13 5
2007 03 25 8.41 27.75 12.17 1.47 1.22 5.3
2007 03 26 5.24 28.03 14.24 1.16 0.97 4.42
2007 03 27 7 29.45 15.78 1.19 0.98 4.8
2007 03 28 6.87 28.44 9.94 1.34 1.09 5.03
2007 03 29 6.75 30.38 14.2 1.39 1.13 5.09
2007 03 30 7.06 29.73 13.69 1.34 1.09 4.9
2007 03 31 7.55 30.59 13.85 1.38 1.13 5.06
2007 04 01 6.88 28.35 15.12 1.38 1.13 5.1
2007 04 02 6.77 29.58 15.43 1.39 1.14 5.12
2007 04 03 6.46 29.29 12.11 1.41 1.16 5.13
2007 04 04 7.2 28.44 14.06 1.38 1.13 5.04
2007 04 05 6.71 28.55 11.62 1.5 1.23 5.28
2007 04 06 6.3 26.66 9.81 1.44 1.17 5.33
2007 04 07 7.19 25.48 8.03 1.43 1.16 5.2
2007 04 08 7.4 27.93 10.4 1.43 1.13 5.05
2007 04 09 8.39 27.41 16.08 1.43 1.17 5.12
2007 04 10 8.14 27.81 16.35 1.3 1.08 4.81
2007 04 11 9.06 29.1 8.93 1.27 1.03 4.61
2007 04 12 8.7 27.43 12.36 1.31 1.09 4.82
2007 04 13 9.35 27.83 9.84 1.38 1.15 4.91
2007 04 14 10.64 29.02 12.25 1.36 1.11 4.87
2007 04 15 9.31 29.83 15.02 1.39 1.14 5.23
2007 04 16 9.16 28.7 14.39 1.42 1.15 5.11
2007 04 17 10.53 29.04 13.56 1.46 1.19 5.25
2007 04 18 8.09 30.45 16.65 2.06 1.75 7.24
2007 04 19 9.59 28.54 18.04 1.25 1.02 4.49
2007 04 20 10.52 28.45 19.32 1.27 1.05 4.73
2007 04 21 9.74 27.82 16.01 1.34 1.1 4.77
2007 04 22 10.04 27.53 13.96 1.41 1.14 5.02
2007 04 23 9.47 28.38 13.03 1.48 1.21 5.35
2007 04 24 10 27.81 16.67 1.46 1.19 5.19
2007 04 25 10.47 27.96 14.7 1.45 1.18 5.19
2007 04 26 9.8 29.41 14.47 1.54 1.24 5.54
2007 04 27 10.14 28.7 18.11 1.47 1.17 5.18
2007 04 28 12.22 28.13 19.29 1.53 1.22 5.41
2007 04 29 11.2 28.14 21.1 1.48 1.19 5.26
2007 04 30 10.04 29.46 23.17 1.52 1.24 5.44
2007 05 01 9.8 28.8 21.3 1.48 1.18 5.29
2007 05 02 9.18 28.4 24.81 1.5 1.2 5.37
2007 05 03 9.98 30.05 27.84 1.54 1.22 5.53
2007 05 04 9.68 29.08 24.81 1.45 1.15 5.2
2007 05 05 9.8 30.09 23.77 1.38 1.09 4.87
2007 05 06 10.89 29.31 21.95 1.41 1.11 4.93
2007 05 07 10.66 29.24 21.71 1.33 1.05 4.71
2007 05 08 11.85 29.37 21.66 1.42 1.13 5.07
2007 05 09 11.38 30.04 24.15 1.42 1.13 5.13
2007 05 10 9.9 29.75 21.02 1.11 0.9 4.08
2007 05 11 10.72 28.24 25.64 1.49 1.19 5.39
2007 05 12 9.5 28.1 25.34 1.39 1.11 4.98
2007 05 13 10.27 29.27 25.85 1.4 1.11 4.94
2007 05 14 10.18 30.33 25.61 1.47 1.17 5.22
2007 05 15 10.73 29.69 23.49 1.33 1.07 4.72
2007 05 16 10.48 29.19 26.4 1.3 1.05 4.67
2007 05 17 9.72 30.51 26.21 1.43 1.16 5.18
2007 05 18 11.13 30.6 23.98 1.54 1.26 5.55
2007 05 19 10.36 29.03 22.14 1.48 1.19 5.25
2007 05 20 11.22 28.69 25.53 1.42 1.13 5.06
2007 05 21 10.54 28.66 33.34 1.56 1.26 5.61
2007 05 22 11.4 30.51 21.73 1.27 1.03 4.49
2007 05 23 12.09 30.8 18.72 1.32 1.05 4.6
2007 05 24 11.75 30.58 23.09 1.39 1.1 4.88
2007 05 25 11.98 29.97 21.02 1.39 1.1 4.88
2007 05 26 11.44 31.37 22.58 1.34 1.07 4.72
2007 05 27 13.42 30.25 28.11 1.46 1.16 5.17
2007 05 28 10.78 30.45 28.14 1.55 1.23 5.53
2007 05 29 10.55 30.32 24.1 1.35 1.08 4.74
2007 05 30 10.34 30.15 23.88 1.36 1.08 4.79
2007 05 31 10.55 30.63 22.41 1.48 1.19 5.27
2007 06 01 9.89 29.66 23.6 1.35 1.07 4.74
2007 06 02 8.7 29.4 25.38 1.62 1.3 5.7
2007 06 03 9.31 29.89 20.31 1.59 1.25 5.65
2007 06 04 10.78 29.11 22.59 1.49 1.18 5.13
2007 06 05 10.86 29.85 26.89 1.49 1.16 5.27
2007 06 06 10.57 29.81 34.96 1.58 1.28 5.61
2007 06 07 10.63 30.8 27.68 1.31 1.03 4.55
2007 06 08 11.08 30.64 24.98 1.27 1 4.35
2007 06 09 11.92 31.11 24.68 1.38 1.09 4.83
2007 06 10 10.14 30.8 25.45 1.41 1.13 4.93
2007 06 11 10.32 30.25 26.54 1.49 1.2 5.35
2007 06 12 9.61 32.42 24.55 1.56 1.25 5.63
2007 06 13 11.23 31.28 22.04 1.42 1.13 5.01
2007 06 14 12.11 31.8 27.29 1.09 0.89 4.09
2007 06 15 11.52 30.79 25.01 1.53 1.23 5.43
2007 06 16 10.25 30.7 23.87 1.24 0.99 4.6
2007 06 17 12.03 31.03 27.04 1.73 1.37 6.24
2007 06 18 11.15 31.99 25.19 1.3 1.04 4.6
2007 06 19 12.21 30.81 27.9 0.99 0.8 3.63
2007 06 20 11.57 30.39 25.52 1.39 1.12 4.98
2007 06 21 11.26 31.95 26.67 1.64 1.31 5.87
2007 06 22 12.26 30.72 25.76 1.39 1.1 4.91
2007 06 23 12.16 30.25 25.62 1.35 1.07 4.73
2007 06 24 11.3 32.32 26.92 0.97 0.79 3.58
2007 06 25 10.38 32.61 29.5 1 0.81 3.66
2007 06 26 10.9 31.89 22.57 0.94 0.76 3.33
2007 06 27 10.28 32.02 20.09 1.14 0.91 4.13
2007 06 28 10.38 29.63 22.31 1.48 1.18 5.22
2007 06 29 10.25 31.15 25.17 1.39 1.11 4.92
2007 06 30 11.6 30.65 28.72 1.38 1.11 4.88
2007 07 01 11.55 30.64 27.88 1.47 1.17 5.2
2007 07 02 11.6 30.65 24.63 1.47 1.17 5.16
2007 07 03 11.91 31.26 22.3 1.61 1.3 5.71
2007 07 04 11.49 31.65 26.2 1.6 1.26 5.72
2007 07 05 11.68 30.15 29.21 1.64 1.31 5.88
2007 07 06 13.41 28.81 23.39 1.84 1.47 6.48
2007 07 07 11.69 31.86 33.32 1.86 1.51 6.67
2007 07 08 10.42 31.53 25.29 1.59 1.29 5.72
2007 07 09 12.07 31.34 26.96 1.45 1.18 5.18
2007 07 10 10.24 32.14 26 1.49 1.21 5.29
2007 07 11 12.2 29.89 28.1 1.58 1.29 5.74
2007 07 12 11.48 32.44 29.88 1.7 1.38 6.18
2007 07 13 12.67 31.66 27.63 1.79 1.46 6.42
2007 07 14 12.03 32.49 31.05 1.8 1.46 6.46
2007 07 15 12.98 31.53 27.11 1.66 1.36 5.94
2007 07 16 11.79 32.84 32.74 1.56 1.26 5.61
2007 07 17 12.35 32.26 30.96 1.47 1.19 5.27
2007 07 18 12.62 30.34 26.85 1.44 1.17 5.12
2007 07 19 11.33 31.17 24.38 1.8 1.45 6.45
2007 07 20 11.92 32.79 32.05 1.55 1.25 5.51
2007 07 21 11.84 32.48 34.74 1.51 1.22 5.39
2007 07 22 12.71 31.51 33.97 1.31 1.05 4.65
2007 07 23 11.68 33.49 32.3 1.46 1.19 5.29
2007 07 24 13.8 31.95 32.06 1.65 1.35 5.98
2007 07 25 12.06 33.52 34.47 1.54 1.22 5.61
2007 07 26 12.71 31.13 31.37 1.52 1.22 5.56
2007 07 27 12.8 32.4 27.32 1.67 1.34 5.98
2007 07 28 14.32 30.61 23.59 1.92 1.54 6.98
2007 07 29 12.2 32.59 27 1.45 1.17 5.3
2007 07 30 12.5 33.78 29.36 1.48 1.21 5.42
2007 07 31 13.8 34.72 32.17 1.56 1.26 5.66
2007 08 01 12.33 33.77 34.55 1.62 1.3 5.88
2007 08 02 10.76 34.67 33.85 1.64 1.3 5.83
2007 08 03 12.37 33.72 34.52 1.5 1.2 5.37
2007 08 04 13.59 33.07 35.41 1.83 1.47 6.58
2007 08 05 12.14 32.8 32.78 1.5 1.19 5.3
2007 08 06 12.12 30.35 31.61 1.69 1.35 6.1
2007 08 07 10.95 30.03 31.96 1.58 1.27 5.65
2007 08 08 12.26 31.34 36.64 1.5 1.21 5.4
2007 08 09 12.03 32.45 36.44 1.4 1.13 5.02
2007 08 10 13.16 30.15 39.29 1.5 1.23 5.47
2007 08 11 12.07 30.39 36.86 1.46 1.2 5.27
2007 08 12 12.32 30.62 40.82 1.47 1.2 5.31
2007 08 13 12.62 30.46 40.43 1.65 1.33 5.99
2007 08 14 12.01 32.62 41.5 1.54 1.22 5.49
2007 08 15 11.94 33.68 39.99 1.44 1.18 5.19
2007 08 16 13.92 31.22 37.4 1.53 1.23 5.69
2007 08 17 13.02 31.93 38.15 1.81 1.47 6.59
2007 08 18 14.04 32.08 34.21 1.7 1.4 6.32
2007 08 19 14.55 32.65 36.86 1.77 1.43 6.34
2007 08 20 12.97 33.35 39.02 1.62 1.3 5.78
2007 08 21 12.6 33.45 35.86 1.65 1.31 5.94
2007 08 22 12.26 34.56 33.71 1.5 1.18 5.31
2007 08 23 14 33.79 37.23 1.56 1.26 5.54
2007 08 24 11.14 34.09 33.52 1.64 1.26 5.63
2007 08 25 13.48 32.67 39.54 1.4 1.1 4.91
2007 08 26 13.55 32.96 46.85 1.47 1.16 5.21
2007 08 27 12.5 34.64 43.7 1.6 1.27 5.7
2007 08 28 12.8 34.47 37.34 1.44 1.14 5.12
2007 08 29 12.63 34.71 38.63 1.35 1.06 4.81
2007 08 30 12.91 33.33 40.48 1.38 1.08 4.96
2007 08 31 13.85 34.29 37.43 1.6 1.26 5.75
2007 09 01 14.74 34.5 48.32 1.83 1.44 6.6
2007 09 02 15.21 33.05 39.56 1.66 1.31 5.93
2007 09 03 12.43 31.94 38.35 1.57 1.24 5.79
2007 09 04 13.46 33.94 35.56 1.51 1.19 5.61
2007 09 05 13.01 35.32 41.97 1.66 1.32 6.06
2007 09 06 15.13 34.97 39.7 1.54 1.22 5.53
2007 09 07 14.04 32.98 37.73 1.59 1.25 5.56
2007 09 08 13.03 34.72 36.21 1.47 1.16 5.19
2007 09 09 14.15 34.82 37.73 1.34 1.05 4.88
2007 09 10 13.77 34.44 37.26 1.28 1 4.59
2007 09 11 14.33 33.89 36.78 1.27 1 4.61
2007 09 12 13.65 32.98 40.7 1.34 1.07 4.87
2007 09 13 13.04 33.07 36.52 1.4 1.11 5.27
2007 09 14 12.76 33.55 40.38 1.44 1.14 5.3
2007 09 15 12.16 32.58 41.11 1.64 1.31 5.9
2007 09 16 13.56 32.36 41.72 1.43 1.13 5.13
2007 09 17 14.7 32.85 44.17 1.52 1.2 5.47
2007 09 18 12.21 32.11 44.67 1.49 1.21 5.43
2007 09 19 11 30.78 48.47 1.33 1.08 4.87
2007 09 20 10.14 32.19 53.76 1.37 1.1 5.1
2007 09 21 10.88 32.19 52.38 1.39 1.13 5.16
2007 09 22 9.37 31.12 55.88 1.32 1.08 5.02
2007 09 23 11.78 33.06 57.64 1.54 1.25 5.57
2007 09 24 12.28 32.63 53.07 1.23 0.99 4.39
2007 09 25 12.66 35.97 48.15 1.27 1.01 4.58
2007 09 26 9.04 34.49 52.01 1.29 1.06 4.89
2007 09 27 10.97 34.35 56.05 1.26 1.03 4.75
2007 09 28 11.18 33.32 56.55 1.29 1.07 4.79
2007 09 29 10.92 33.9 60.67 1.44 1.19 5.37
2007 09 30 11.96 34.86 51.82 1.23 1.01 4.42
2007 10 01 11.08 34.37 58.84 1.34 1.11 5.1
2007 10 02 12.55 35.88 52.68 1.31 1.1 4.69
2007 10 03 12.74 33.24 54.13 1.38 1.14 4.89
2007 10 04 12.7 34.13 45.23 1.05 0.87 3.9
2007 10 05 12.91 35.07 44.12 1.07 0.88 4.24
2007 10 06 14.5 37.75 38.49 1.46 1.19 5.25
2007 10 07 13.15 34.77 44.69 1.37 1.13 4.77
2007 10 08 15.17 34.31 42.77 1.32 1.11 4.67
2007 10 09 13.29 34.71 44.53 1.29 1.06 4.52
2007 10 10 12.9 34.18 44.65 1.39 1.13 4.84
2007 10 11 12.95 35.06 46.86 1.41 1.15 4.95
2007 10 12 13.82 33.95 44.45 1.27 1.03 4.4
2007 10 13 12.92 35.19 43.94 1.25 1.02 4.45
2007 10 14 14.01 33.72 46.1 1.23 1.01 4.34
2007 10 15 14.14 34.1 42.17 1.24 1.02 4.32
2007 10 16 14.08 34.23 44.91 1.27 1.04 4.67
2007 10 17 14.23 33.53 44.56 1.28 1.05 4.9
2007 10 18 13.32 35.6 40.83 1.21 0.99 4.39
2007 10 19 15.17 33.17 44.67 1.27 1.04 4.56
2007 10 20 14.76 32.42 47.08 1.43 1.15 5.12
2007 10 21 13.69 36.07 39.95 1.24 1 4.39
2007 10 22 14.62 35.97 38.38 1.32 1.06 4.57
2007 10 23 14.81 35.47 39.09 1.38 1.13 4.77
2007 10 24 14.81 35.53 39.5 1.26 1 4.4
2007 10 25 14.48 35.15 41.84 1.37 1.1 4.72
2007 10 26 13.57 35.11 41.72 1.34 1.08 4.62
2007 10 27 13.49 35.26 39.57 1.3 1.05 4.51
2007 10 28 14.61 34.51 41.35 0.97 0.77 3.41
2007 10 29 15.5 34.69 38.99 0.97 0.78 3.44
2007 10 30 14.48 33.38 41.44 1.05 0.84 3.73
2007 10 31 14.71 36.64 40.68 1.22 0.96 4.15
2007 11 01 16.84 35.92 37.44 1.41 1.11 4.89
2007 11 02 14.7 35.95 40.26 1.29 1.03 4.4
2007 11 03 14.37 36.23 42.82 1.3 1.03 4.41
2007 11 04 15.05 36.62 40.97 1.36 1.09 4.63
2007 11 05 14.55 37.06 41.87 1.32 1.05 4.52
2007 11 06 14.06 37.52 48.48 1.27 1.02 4.41
2007 11 07 14.98 36.25 47.54 1.39 1.1 4.81
2007 11 08 14.92 35.81 47.36 1.34 1.07 4.63
2007 11 09 15.06 35.95 41.09 1.45 1.15 5.04
2007 11 10 15.19 34.99 48.05 1.36 1.08 4.73
2007 11 11 15.07 34.81 47.87 1.29 1.04 4.54
2007 11 12 16.59 35.62 42.72 1.31 1.07 4.65
2007 11 13 15.56 36.12 50.62 1.4 1.13 4.99
2007 11 14 14.67 37.18 44.05 1.31 1.05 4.6
2007 11 15 15.57 36.46 48 1.32 1.06 4.54
2007 11 16 16.12 36.01 48.08 1.38 1.1 4.86
2007 11 17 15.52 36.11 41.78 1.3 1.03 4.58
2007 11 18 15.55 34.17 42.69 1.36 1.08 4.77
2007 11 19 15.47 35.85 46.35 1.42 1.12 4.91
2007 11 20 16.16 36.9 40.63 1.27 1.02 4.44
2007 11 21 15.76 37.6 38.3 1.24 0.97 4.22
2007 11 22 15.4 37.06 40.4 1.14 0.9 3.93
2007 11 23 15.22 36.11 44.57 1.19 0.94 4.12
2007 11 24 16.43 36.47 43.43 1.27 1.01 4.44
2007 11 25 16.42 36.58 41.23 1.32 1.04 4.57
2007 11 26 15.67 35.07 43.44 0.92 0.73 3.43
2007 11 27 16.67 34.62 44.14 1.36 1.07 4.76
2007 11 28 16.51 35.85 42.34 1.27 0.99 4.45
2007 11 29 17.51 35.28 47.27 1.27 1 4.42
2007 11 30 16.53 34.56 43.43 1.21 0.94 4.25
2007 12 01 15.13 34.94 49.76 1.23 0.98 4.36
2007 12 02 16.46 35.37 44.37 1.3 1.01 4.45
2007 12 03 17.62 35.72 49.55 1.39 1.09 4.77
2007 12 04 16.17 34.63 46.84 1.47 1.15 5.11
2007 12 05 16.81 35.3 44.72 1.38 1.06 4.83
2007 12 06 15.51 36.66 39.58 1.3 1.02 4.65
2007 12 07 16.61 35.2 48.18 1.29 1 4.8
2007 12 08 14.77 35.42 46.16 1.29 1 4.71
2007 12 09 16.97 34.61 47.89 1.27 0.98 4.52
2007 12 10 16.58 36.03 49.61 1.3 1.01 4.47
2007 12 11 16.2 36.36 48.2 1.32 1.05 4.57
2007 12 12 16.46 37.77 48.64 1.28 0.99 4.44
2007 12 13 16.68 36.7 45.97 1.34 1.05 4.61
2007 12 14 16.82 37.18 44.77 1.26 0.97 4.36
2007 12 15 17.2 37.03 46.62 1.29 0.99 4.43
2007 12 16 18.57 37.13 44.86 1.23 0.94 4.25
2007 12 17 17.18 36.05 48.38 1.25 0.97 4.34
2007 12 18 18.03 36.06 47.11 1.16 0.89 4.06
2007 12 19 17.14 35.99 52.18 1.32 1.02 4.65
2007 12 20 16.93 35.26 54.87 1.39 1.09 4.94
2007 12 21 17.48 36.76 51.71 1.3 1.03 4.62
2007 12 22 17.32 38.09 51.06 1.26 1 4.39
2007 12 23 18.57 38.95 49.56 1.25 0.98 4.33
2007 12 24 18.39 38 56.34 1.32 1.06 4.61
2007 12 25 18.18 38.27 50.35 1.04 0.85 3.76
2007 12 26 18.45 38.63 47.64 1.04 0.85 3.8
2007 12 27 18.07 38.73 48.63 1.34 1.06 4.67
2007 12 28 17.91 38.33 49.39 1.31 1.04 4.6
2007 12 29 17.77 39.65 51.3 1.4 1.11 4.94
2007 12 30 17.07 39.96 48.03 1.44 1.14 5.12
2007 12 31 16.77 40.82 48.77 1.37 1.08 4.78
2008 01 01 16.74 40.04 43.64 1.37 1.09 4.75
2008 01 02 16.73 38.22 45.53 1.32 1.03 4.52
2008 01 03 16.41 35.9 47.65 1.36 1.06 4.69
2008 01 04 17.14 35.11 51.08 1.38 1.1 5.02
2008 01 05 18.84 35.47 58.34 1.39 1.1 5.17
2008 01 06 17.85 36.09 55.91 1.32 1.05 4.78
2008 01 07 18.2 36.39 52.75 1.29 1.03 4.64
2008 01 08 19.02 37.39 50.17 1.39 1.09 4.87
2008 01 09 19.08 37.84 52.04 1.37 1.08 4.81
2008 01 10 19.36 38.75 51.55 1.29 1.05 4.6
2008 01 11 19 38.57 49.35 1.3 1.06 4.68
2008 01 12 18.84 37.85 46.08 1.23 0.98 4.22
2008 01 13 18.39 38.4 49.1 1.29 1.05 4.6
2008 01 14 18.39 37.81 49.18 0.92 0.74 3.37
2008 01 15 19.01 38.46 56.26 1.33 1.07 4.66
2008 01 16 17.9 38.44 47.96 0.97 0.76 3.4
2008 01 17 18.78 38.19 52.4 1.32 1.05 4.6
2008 01 18 17.77 38.57 47.8 1.35 1.09 4.83
2008 01 19 18.75 39.95 50.69 1.33 1.08 4.66
2008 01 20 17.14 37.9 46.96 1.28 1 4.39
2008 01 21 16.47 37.15 49.74 1.34 1.08 4.76
2008 01 22 18.29 38.25 51.44 1.28 1.02 4.47
2008 01 23 17.09 38.07 49.01 1.3 1.05 4.6
2008 01 24 17.8 37.86 54.34 1.36 1.1 4.88
2008 01 25 17.81 37.92 52.27 1.34 1.06 4.77
2008 01 26 18.13 38.35 52.49 1.35 1.08 4.79
2008 01 27 17.75 37.81 53.57 1.38 1.1 5.07
2008 01 28 17.23 37.43 61.4 1.4 1.12 5.03
2008 01 29 17.74 38.55 56.23 1.39 1.11 4.86
2008 01 30 17.46 38.36 55.34 1.44 1.13 4.97
2008 01 31 19.01 39.03 55.65 1.38 1.1 4.84
2008 02 01 17.53 38.09 54.04 1.3 1.04 4.58
2008 02 02 17.52 38.19 52.78 1.21 0.97 4.22
2008 02 03 18.75 38.75 55.23 1.3 1.03 4.65
2008 02 04 17.96 38.75 51.11 1.37 1.08 4.83
2008 02 05 19.31 39.86 56.25 1.32 1.06 4.67
2008 02 06 19.01 40.12 60.68 1.36 1.08 4.78
2008 02 07 19.27 39.07 60.57 1.46 1.19 5.18
2008 02 08 19.21 39.67 58.38 1.47 1.2 5.27
2008 02 09 19.29 39.47 57.53 1.34 1.1 4.78
2008 02 10 18.7 39.3 52.23 1.37 1.13 4.91
2008 02 11 18.54 38.99 52.65 1.06 0.87 3.83
2008 02 12 18.78 39.91 55.81 1.36 1.11 4.8
2008 02 13 19.06 38.89 57.87 1.02 0.84 3.7
2008 02 14 18.38 38.46 57.09 1.31 1.06 4.69
2008 02 15 18.79 39.28 57.51 1.38 1.12 4.94
2008 02 16 19.3 39.95 55.49 1.38 1.11 4.84
2008 02 17 18.24 40.37 52.6 1.25 1 4.33
2008 02 18 18.59 40.48 52.59 1.21 0.97 4.22
2008 02 19 19.25 39.64 54.58 0.94 0.77 3.38
2008 02 20 19.15 39.23 57.34 1.26 1.01 4.46
2008 02 21 19.27 39.41 59.7 1.29 1.03 4.55
2008 02 22 19.52 39.42 56.56 1.36 1.09 4.87
2008 02 23 19.48 40.08 56.85 1.54 1.24 5.33
2008 02 24 18.52 39.75 52.33 1.29 1.03 4.69
2008 02 25 18.85 40.09 55.67 1.27 1.01 4.47
2008 02 26 19.14 40.53 49.41 1.32 1.05 4.64
2008 02 27 18.51 39.9 52.03 1.33 1.05 4.66
2008 02 28 19.32 39.43 53.8 1.32 1.04 4.6
2008 02 29 18.9 39.85 52.86 1.37 1.09 4.77
2008 03 01 19.61 39.12 59.97 1.41 1.13 4.98
2008 03 02 18.5 40.19 54.17 1.35 1.09 4.8
2008 03 03 19.87 40.64 55.83 1.38 1.08 4.82
2008 03 04 19.16 41.09 55.43 1.32 1.05 4.57
2008 03 05 19.26 40.45 51.98 1.28 1.01 4.45
2008 03 06 19.13 40.82 51.54 1.28 1.01 4.48
2008 03 07 20.09 40.76 54.64 1.32 1.04 4.61
2008 03 08 20 40.72 57.72 1.32 1.05 4.71
2008 03 09 19.65 40.1 55.7 1.32 1.06 4.68
2008 03 10 19.56 40.83 54.02 1.32 1.06 4.66
2008 03 11 19 40.46 54.08 1.38 1.1 4.91
2008 03 12 18.67 40.49 55.1 1.47 1.18 5.23
2008 03 13 19.5 40.54 55.45 1.35 1.09 4.9
2008 03 14 18.67 40.17 56.96 1.29 1.04 4.71
2008 03 15 18.95 40.19 56.04 1.32 1.06 4.78
2008 03 16 19.53 39.86 58.66 1.32 1.06 4.76
2008 03 17 20.09 40.47 56.66 1.37 1.11 5.17
2008 03 18 20.16 40.11 55.7 1.45 1.2 5.25
2008 03 19 19.44 39.99 62.22 1.5 1.22 5.43
2008 03 20 18.52 39.46 58.28 1.43 1.17 5.2
2008 03 21 19.09 39.73 54.97 1.44 1.17 5.19
2008 03 22 19.31 40.69 53.98 1.05 0.87 4
2008 03 23 19.7 40.55 52.22 1.01 0.83 3.67
2008 03 24 19.85 38.9 64.11 1.5 1.23 5.4
2008 03 25 19.34 39.67 59.5 1.45 1.2 5.18
2008 03 26 19.18 39.7 59.88 1.41 1.17 5.11
2008 03 27 19.23 40.07 53.95 1.42 1.17 5.04
2008 03 28 20.06 40.51 56.25 1.38 1.12 4.79
2008 03 29 19.59 40.41 60.09 1.47 1.2 5.31
2008 03 30 19.67 40.69 55.7 1.49 1.21 5.37
2008 03 31 20.11 41.13 55.29 1.47 1.19 5.27
2008 04 01 20.33 41.55 51.91 1.42 1.16 4.98
2008 04 02 21.26 41.01 53.6 1.46 1.17 5.1
2008 04 03 20.29 41.66 55.15 1.41 1.13 5.03
2008 04 04 21.28 40.57 57.35 1.46 1.17 5.12
2008 04 05 21.1 40.84 58.88 1.39 1.13 4.99
2008 04 06 21.13 41.16 58.27 1.33 1.07 4.7
2008 04 07 21.79 40.99 60.34 1.35 1.08 4.78
2008 04 08 21.03 40.53 56.08 1.36 1.09 4.78
2008 04 09 20.67 40.04 58.01 1.5 1.2 5.39
2008 04 10 21.22 41.44 60.81 1.47 1.17 5.21
2008 04 11 21.28 42.58 55.53 1.53 1.21 5.4
2008 04 12 20.57 41.79 51.49 1.56 1.25 5.47
2008 04 13 21.47 41.09 55.15 1.52 1.21 5.27
2008 04 14 22.34 40.36 57.26 1.52 1.21 5.3
2008 04 15 21.48 40.85 67.77 1.55 1.23 5.49
2008 04 16 21.85 42.32 62.74 1.53 1.23 5.44
2008 04 17 21.89 41.8 61.14 1.5 1.19 5.22
2008 04 18 21.37 41.53 62.42 1.56 1.23 5.41
2008 04 19 20.35 40.1 62.41 1.6 1.26 5.59
2008 04 20 20.3 41.23 62.05 1.5 1.2 5.26
2008 04 21 20.65 41.65 58.87 1 0.8 3.52
2008 04 22 19.71 40.51 60.91 1.39 1.1 4.81
2008 04 23 21 40.38 59.86 1.4 1.12 4.95
2008 04 24 20.64 41.83 57.91 1.48 1.16 5.16
2008 04 25 21.72 41.53 55.01 1.37 1.08 4.73
2008 04 26 20.99 42.66 55.25 1.44 1.11 4.85
2008 04 27 22.08 42.63 53.2 1.51 1.15 5.07
2008 04 28 23.16 41.98 54.67 1.62 1.24 5.42
2008 04 29 23.12 41.43 60.35 1.65 1.26 5.61
2008 04 30 22.82 41.46 61.07 1.62 1.29 5.7
2008 05 01 22.12 43.27 55.71 1.36 1.09 4.77
2008 05 02 21.68 42.7 58.66 1.46 1.16 5.07
2008 05 03 22.35 42.21 59.8 1.51 1.2 5.31
2008 05 04 21.56 41.81 60.27 1.42 1.11 4.96
2008 05 05 21.73 41.74 58.72 1.44 1.12 5.03
2008 05 06 21.93 43.01 60.38 1.56 1.24 5.48
2008 05 07 23 42.71 55.56 1.52 1.18 5.25
2008 05 08 22.08 43.91 55.2 1.45 1.14 5.06
2008 05 09 22.32 42.55 58 1.43 1.11 4.96
2008 05 10 23.52 42.5 55.86 1.4 1.08 4.74
2008 05 11 22.8 42.36 61.26 1.54 1.19 5.27
2008 05 12 23.55 41.51 51.39 1.45 1.13 4.92
2008 05 13 22.08 42.42 55.91 1.45 1.15 5
2008 05 14 22.49 44.33 54.69 1.46 1.13 5.01
2008 05 15 22.72 42.7 51.52 1.5 1.16 5.16
2008 05 16 23.1 42.29 56.19 1.52 1.18 5.29
2008 05 17 23.97 43 55.82 1.56 1.22 5.4
2008 05 18 21.65 44.18 51.75 1.59 1.23 5.59
2008 05 19 22.55 42.84 56.16 1.54 1.2 5.35
2008 05 20 21.06 42.26 58.59 1.52 1.17 5.26
2008 05 21 22.14 41.85 63.1 1.58 1.23 5.57
2008 05 22 21.93 43.74 59.69 1.53 1.2 5.38
2008 05 23 21.06 41.49 59.66 1.48 1.16 5.15
2008 05 24 21.8 41.86 60.41 1.43 1.11 4.91
2008 05 25 20.94 41.77 58.88 1.42 1.11 4.83
2008 05 26 22.4 43.24 62.14 1.47 1.13 4.93
2008 05 27 22.19 42.65 57.3 1.37 1.07 4.63
2008 05 28 23.06 43.29 56.17 1.54 1.2 5.29
2008 05 29 23.89 43.66 58.99 1.5 1.17 5.2
2008 05 30 23.2 42.87 58.37 1.58 1.23 5.43
2008 05 31 23.99 42.43 58.6 1.53 1.2 5.26
2008 06 01 23.5 43.31 57.17 1.5 1.19 5.15
2008 06 02 24.37 41.53 60.86 1.62 1.27 5.65
2008 06 03 24.29 42.86 63.3 1.51 1.19 5.28
2008 06 04 23.55 41.45 59.39 1.37 1.09 4.83
2008 06 05 23.36 44.27 61.4 1.35 1.06 4.75
2008 06 06 24.85 43.43 58 1.51 1.2 5.36
2008 06 07 24.32 43.01 57.62 1.41 1.12 4.89
2008 06 08 23.66 43.4 61.07 1.47 1.16 5.08
2008 06 09 24.62 43.82 60.61 1.56 1.22 5.33
2008 06 10 23.41 40.11 58.94 1.61 1.27 5.61
2008 06 11 23.72 43.26 59.87 1.33 1.05 4.52
2008 06 12 23.81 43.08 58.09 1.28 1.01 4.37
2008 06 13 23.81 43.31 57.2 1.51 1.2 5.23
2008 06 14 23.89 42.59 59.86 1.49 1.18 5.17
2008 06 15 22.43 42.35 57.19 1.55 1.23 5.44
2008 06 16 22.68 42.81 59.01 1.52 1.21 5.32
2008 06 17 23.48 42.3 57.3 1.48 1.17 5.14
2008 06 18 24.93 43.44 64.73 1.54 1.22 5.38
2008 06 19 23.74 43.68 59.99 1.59 1.28 5.57
2008 06 20 23.47 43.19 54.24 1.53 1.21 5.31
2008 06 21 24.48 43.03 54.82 1.5 1.19 5.23
2008 06 22 24.09 43.5 56.61 1.55 1.24 5.49
2008 06 23 24.09 44.03 64.47 1.6 1.27 5.66
2008 06 24 24.27 42.31 65.16 1.44 1.16 5.06
2008 06 25 23.09 43.18 65.98 1.44 1.16 5.01
2008 06 26 23.06 43.78 64.37 1.6 1.33 5.67
2008 06 27 23.26 43.39 66.57 1.55 1.24 5.39
2008 06 28 23.3 43.02 66.1 1.47 1.18 5.06
2008 06 29 25.22 41.27 62.98 1.45 1.18 5.17
2008 06 30 25.48 42.53 61 1.81 1.46 6.39
2008 07 01 23.7 42.04 62.89 1.58 1.3 5.61
2008 07 02 24.19 44.34 62.16 1.65 1.32 5.77
2008 07 03 25.18 43.84 63.32 1.61 1.28 5.58
2008 07 04 25.07 44.45 64.41 1.66 1.34 5.9
2008 07 05 24.59 43.05 70.79 1.56 1.24 5.57
2008 07 06 25.17 43.81 66.07 1.57 1.25 5.53
2008 07 07 25.4 44.23 59.9 1.7 1.36 5.89
2008 07 08 25.53 43.71 64.18 1.56 1.24 5.48
2008 07 09 23.57 45.13 60.83 1.61 1.28 5.69
2008 07 10 25.69 43.2 67.03 1.58 1.24 5.52
2008 07 11 24 44.3 68.76 1.43 1.13 5.07
2008 07 12 24.25 43.73 63.59 1.3 1.04 4.58
2008 07 13 23.47 44.94 63.22 1.39 1.1 4.97
2008 07 14 25.91 42.91 64.45 1.61 1.28 5.69
2008 07 15 26.31 43.33 65.63 1.44 1.14 5.1
2008 07 16 24.52 44 65.61 1.61 1.27 5.7
2008 07 17 25.67 43.55 61.55 1.67 1.34 5.87
2008 07 18 24.27 44.65 69.22 1.68 1.31 5.97
2008 07 19 25.45 41.96 65.43 1.51 1.19 5.38
2008 07 20 23.82 43.26 66.83 1.5 1.2 5.33
2008 07 21 25.17 43.5 64.44 1.69 1.35 6
2008 07 22 26.58 43.85 69.31 1.51 1.2 5.31
2008 07 23 25.34 43.81 64.41 1.82 1.42 6.49
2008 07 24 23.73 43.81 72.91 1.57 1.26 5.62
2008 07 25 26.12 39.25 67.63 1.53 1.21 5.58
2008 07 26 24.71 40.77 77.08 1.6 1.29 5.72
2008 07 27 25.5 39.2 79.55 1.44 1.16 5.18
2008 07 28 25.76 41.55 73.94 1.47 1.15 5.17
2008 07 29 27.21 39.79 68.18 1.58 1.23 5.65
2008 07 30 25.87 39.09 70.07 1.54 1.2 5.51
2008 07 31 27.99 41.19 68.09 1.39 1.11 5.01
2008 08 01 28.51 39.15 69.49 1.49 1.19 5.3
2008 08 10 26.26 44.39 77.04 3.05 2.16 10.4
2008 08 11 25.95 42.3 74.14 1.66 1.3 5.77
2008 08 12 24.53 45.66 74.16 1.49 1.15 5.14
2008 08 13 26.21 44.6 75.98 1.42 1.11 5
2008 08 14 25.74 43.67 68.49 1.42 1.12 4.98
2008 08 15 25.97 44.29 71.71 1.45 1.13 5.11
2008 08 16 25.25 44.11 69.89 1.43 1.1 4.93
2008 08 17 25.02 44.3 75.99 1.41 1.11 4.96
2008 08 18 27.34 43.64 75.22 1.32 1.04 4.63
2008 08 19 26.81 43.48 76.15 1.61 1.27 5.73
2008 08 20 25.93 44.31 81.32 1.41 1.1 4.96
2008 08 21 27.32 43.13 82.17 1.65 1.28 5.91
2008 08 22 25.61 44.29 77.89 1.42 1.11 4.98
2008 08 23 25.08 42.11 75.08 1.33 1.04 4.69
2008 08 24 26.07 42.91 74.74 1.47 1.14 5.1
2008 08 25 28.4 41.07 71.66 1.6 1.22 5.7
2008 08 26 25.6 43.76 83.49 1.83 1.43 6.58
2008 08 27 27.79 46.16 74.43 1.41 1.12 4.98
2008 08 28 25.9 42.36 78.09 1.54 1.2 5.35
2008 08 29 27.71 43.37 74.18 1.45 1.14 5.2
2008 08 30 28.61 44.64 77.19 1.51 1.24 5.7
2008 08 31 27.53 42.49 81.3 1.72 1.39 5.87
2008 09 01 27.44 44.86 74.84 1.61 1.29 5.75
2008 09 02 26.87 43.37 74.42 1.08 0.86 3.59
2008 09 03 27.7 43.69 75.07 1.38 1.08 4.41
2008 09 04 27.12 42.79 72.66 1.33 1.04 4.66
2008 09 05 27.27 41.89 71.16 1.37 1.09 4.39
2008 09 06 26.53 43.09 68.06 1.48 1.15 5.11
2008 09 07 26.2 44.3 72.45 1.47 1.15 5.11
2008 09 08 25.03 42.4 72.05 1.43 1.13 5.01
2008 09 09 24.75 43.4 75.04 1.54 1.2 5.32
2008 09 10 24.69 42.56 75.91 1.7 1.34 5.44
2008 09 11 25.65 42.75 72.06 1.39 1.09 4.85
2008 09 12 24.47 43.87 74.57 1.49 1.18 5.2
2008 09 13 24.36 43.66 76.88 1.48 1.16 5.15
2008 09 14 24.38 41.96 77.22 1.41 1.11 4.91
2008 09 15 24.66 42.62 77.18 1.37 1.09 4.82
2008 09 16 25.11 42.46 77.53 1.24 1 4.34
2008 09 17 25.57 41.38 83.97 1.47 1.12 5.03
2008 09 18 25.45 44.23 80.57 1.47 1.15 5.16
2008 09 19 24.92 42.23 78.27 1.36 1.09 4.42
2008 09 20 25.12 43.08 78.93 1.5 1.2 5.14
2008 09 21 24.65 42.09 79.61 1.47 1.14 5.06
2008 09 22 25.58 42.29 82.11 1.48 1.16 5.12
2008 09 23 24.23 43.52 81.91 1.51 1.17 4.76
2008 09 24 24.79 43.17 78.18 1.37 1.06 4.73
2008 09 25 24.61 44.73 83.24 1.42 1.12 4.92
2008 09 26 24.28 42.78 76.56 2.16 1.78 6.57
2008 09 27 24.43 44.39 80.45 1.94 1.59 6.22
2008 09 28 25.21 44.79 82.06 1.35 1.07 4.76
2008 09 29 25.87 44.56 77.75 1.37 1.09 4.75
2008 09 30 25.89 44.53 84.75 1.34 1.05 4.53
2008 10 01 26.21 44.01 79.7 2.27 1.8 6.36
2008 10 02 25.68 43.49 79.34 2.24 1.77 6.61
2008 10 03 28.09 41.99 84 1.45 1.13 5.11
2008 10 04 26.37 42.9 78.26 1.39 1.09 4.84
2008 10 05 26.9 41.84 87.67 1.41 1.11 3.4
2008 10 06 26.6 43.16 77.06 1.5 1.18 5.2
2008 10 07 26.33 42.13 78.96 1.53 1.18 5.2
2008 10 08 25.97 43.01 85.18 1.43 1.13 4.23
2008 10 09 25.54 43.38 80.54 1.45 1.14 4.89
2008 10 10 26.51 44.07 80.5 1.3 1.03 4.41
2008 10 11 27.13 42.82 82.64 1.27 0.99 4.37
2008 10 12 26.28 42.19 83.08 1.29 1.03 4.12
2008 10 13 27.51 45.97 81.57 1.35 1.08 4.3
2008 10 14 26.28 44.73 83.88 1.31 1.04 4.58
2008 10 15 26.48 44.75 81.37 1.45 1.1 3.31
2008 10 16 27 42.99 81.17 1.37 1.04 3.06
2008 10 17 26.87 43.07 87.02 1.43 1.1 3.16
2008 10 18 27.08 42.73 87.75 1.43 1.1 3.51
2008 10 19 25.77 43.48 84.32 1.22 0.95 3.57
2008 10 20 26.48 43.35 83.1 1.35 1.05 3.25
2008 10 21 27.21 43 82.18 1.28 1.01 3.24
2008 10 22 25.98 44.65 80.44 1.29 1 3.29
2008 10 23 27.32 44.23 86.21 1.4 1.08 3.69
2008 10 24 26.91 44.77 85.69 1.31 1.01 3.13
2008 10 25 27.82 44.12 81.95 1.39 1.09 3.33
2008 10 26 26.26 43.51 85.08 1.35 1.06 2.88
2008 10 27 26.37 43.5 85.15 1.33 1.04 2.94
2008 10 28 26.46 44.19 86.81 1.39 1.07 3.15
2008 10 29 27.34 43.48 80.03 1.44 1.09 4.79
2008 10 30 27.56 44.22 84.83 1.32 1.02 3.18
2008 10 31 27.24 43.79 78.19 1.37 1.07 3.41
2008 11 01 29.12 44.65 72.11 1.43 1.12 3.84
2008 11 02 28.82 43.89 83.53 1.48 1.16 3.48
2008 11 03 28.74 43.59 84.48 1.41 1.1 3.42
2008 11 04 28.34 43.76 82.75 1.35 1.04 3.39
2008 11 05 29.05 44.99 83.29 1.38 1.07 3.07
2008 11 06 27.13 46.06 72.57 1.36 1.04 3.84
2008 11 07 27.71 45.52 74.17 1.35 1.04 3.35
2008 11 08 28.99 45.16 77.02 1.27 0.98 2.82
2008 11 09 28.03 42.75 81.06 1.31 1.02 3.05
2008 11 10 28.79 43.81 87.59 1.28 1.01 3.06
2008 11 11 30.42 44.11 91.8 1.4 1.06 3.45
2008 11 12 30.37 42.61 79.62 1.38 1.05 3.77
2008 11 13 28.89 41.88 91.08 1.59 1.22 3.75
2008 11 14 28.78 43.81 83.63 1.49 1.17 3.68
2008 11 15 29.37 44.65 85.86 1.46 1.13 3.2
2008 11 16 28.15 43.69 82.84 1.46 1.13 3.25
2008 11 17 27.86 45.22 76.79 1.38 1.08 3.99
2008 11 18 28.13 44.89 86.08 1.47 1.12 3.68
2008 11 19 27.1 47.32 79.61 1.43 1.11 3.1
2008 11 20 25.76 44.46 81.65 1.52 1.19 3.43
2008 11 21 26.53 46.04 81.04 1.45 1.14 3.96
2008 11 22 27.22 45.69 89.81 1.45 1.12 3.66
2008 11 23 28.75 44.51 88.85 1.21 0.94 2.62
2008 11 24 28.38 44.96 86.36 1.15 0.89 2.56
2008 11 25 27.75 46.02 88.06 1.26 0.97 2.78
2008 11 26 28.05 45.26 86.85 1.33 1.02 2.93
2008 11 27 27.34 45.04 93.3 1.25 0.97 2.78
2008 11 28 28.18 45.82 85.15 1.29 1 2.82
2008 11 29 29.57 45.24 82.01 1.35 1.05 3.04
2008 11 30 27.99 45.86 83.5 1.33 1.03 3.14
2008 12 01 28.45 47.44 90.54 1.35 1.04 2.99
2008 12 02 28 45.84 92.39 1.38 1.08 2.98
2008 12 03 27 45.25 82.07 1.35 1.04 2.94
2008 12 04 26.49 46.21 79.6 1.33 1.04 2.92
2008 12 05 29.09 45.49 85.42 1.34 1.06 2.99
2008 12 06 27.71 47.04 81.67 1.33 1.04 3.31
2008 12 07 28.29 46.2 97.7 1.42 1.13 3.17
2008 12 08 28.33 46.14 87.27 1.36 1.09 2.93
2008 12 09 27.92 46.17 83.64 1.3 1.05 3.01
2008 12 10 29.33 47.01 83.38 1.36 1.1 3.05
2008 12 11 28.41 46.2 80.94 1.33 1.05 3.07
2008 12 12 29.04 45.69 87.59 1.44 1.13 3.47
2008 12 13 28.02 45.63 94.37 1.41 1.13 3.37
2008 12 14 27.08 45.18 76.59 1.31 1.06 3.26
2008 12 15 27.05 44.72 77.08 1.32 1.07 3.32
2008 12 16 27.85 46.38 84.59 1.37 1.1 3.13
2008 12 17 29.38 48.36 94.16 1.38 1.1 3.03
2008 12 18 28.42 48.57 94.11 1.38 1.1 3.02
2008 12 19 28.01 46.65 94.46 1.39 1.1 3.04
2008 12 20 27.39 47.42 84.53 1.36 1.09 3.12
2008 12 21 29.62 47.03 89.82 1.34 1.06 2.91
2008 12 22 29.54 45.58 93.61 1.3 1.04 3.12
2008 12 23 28.04 47.21 89.91 1.39 1.11 3.82
2008 12 24 29.96 46.34 83.26 1.41 1.12 3.42
2008 12 25 28.46 44.84 84.85 1.31 1.04 3.22
2008 12 26 29.36 46.56 87.8 1.4 1.12 4.88
2008 12 27 30.43 47.07 86.55 1.42 1.15 4.92
2008 12 28 30.13 46 88.04 1.43 1.14 4.01
2008 12 29 29.35 42.97 91.47 1.46 1.15 4.13
2008 12 30 29.27 44.96 78 1.5 1.19 3.4
2008 12 31 28.8 46.46 90.02 1.44 1.15 3.31
2009 01 01 30.53 45.33 86.67 1.44 1.14 3.28
2009 01 02 28.95 45.76 96.63 1.5 1.19 4.15
2009 01 03 28.69 46.51 84.64 1.32 1.03 2.97
2009 01 04 28.26 46.74 81.83 1.36 1.1 3.44
2009 01 05 30.32 47.86 92.31 1.31 1.03 3.21
2009 01 06 30.23 47.78 87.22 1.32 1.05 3.25
2009 01 07 29.2 47.16 94.12 1.52 1.22 5.2
2009 01 08 31.23 41.54 93.88 1.69 1.36 3.81
2009 01 09 30.87 43.03 88.58 1.54 1.25 3.39
2009 01 10 32.38 44.96 84.63 1.48 1.18 3.46
2009 01 11 32.27 44.57 82.13 1.38 1.11 3.17
2009 01 12 31.9 45.36 83.29 1.57 1.26 3.63
2009 01 13 32.41 45.18 82.93 1.57 1.25 3.72
2009 01 14 30.88 45.71 78.34 1.54 1.23 3.58
2009 01 15 31.81 47.02 83.94 1.45 1.16 3.3
2009 01 16 33.63 46.74 87.06 1.38 1.1 3.16
2009 01 17 28.28 48.4 88.52 1.4 1.12 3.04
2009 01 18 29.45 48.95 90.25 1.38 1.1 3
2009 01 19 29.03 48.21 86.93 1.35 1.07 2.94
2009 01 20 29.76 47.81 93.11 1.33 1.05 2.85
2009 01 21 30.35 48.84 84.73 1.37 1.1 2.95
2009 01 22 30.45 48.46 86.05 1.41 1.12 3.13
2009 01 23 28.87 47.5 85.25 1.44 1.15 3.45
2009 01 24 29.64 48.41 84.02 1.4 1.12 3.07
2009 01 25 29.12 48.78 88.22 1.29 1.04 2.95
2009 01 26 29.51 48.09 86.68 1.32 1.06 2.88
2009 01 27 31.14 50.21 85.34 1.31 1.09 3.09
2009 01 28 30.9 50.4 89.91 1.47 1.19 3.27
2009 01 29 30.33 50.49 85.61 1.41 1.15 3.36
2009 01 30 31.27 49.7 88.74 1.35 1.09 2.97
2009 01 31 31.12 48.77 92.57 1.47 1.19 3.47
2009 02 01 30.06 49.49 86.25 1.42 1.14 3.09
2009 02 02 30.69 49.99 82.35 1.45 1.17 3.26
2009 02 03 31.08 49.51 94.07 1.39 1.12 3
2009 02 04 30.85 48.37 86.07 1.33 1.07 2.96
2009 02 05 31.5 48.74 91.46 1.41 1.14 3.09
2009 02 06 31.52 48.66 90.67 1.44 1.15 3.44
2009 02 07 30.64 48.92 88.35 1.35 1.1 3.01
2009 02 08 31.03 49.41 94.43 1.38 1.12 3.03
2009 02 09 31.72 49.33 91.3 1.41 1.15 3.22
2009 02 10 31.49 49.96 92.39 1.32 1.09 3.33
2009 02 11 31.8 49.59 89.16 1.27 1.03 2.88
2009 02 12 30.99 49.46 87.33 1.22 1.02 2.93
2009 02 13 29.99 48.67 85.86 1.26 1.03 2.87
2009 02 14 30.08 49.19 85.16 1.3 1.06 2.93
2009 02 15 30.12 48.19 83.71 1.28 1.04 2.84
2009 02 16 31.72 48.25 88.48 1.27 1.03 2.91
2009 02 17 31.1 48.46 86.53 1.31 1.07 3.2
2009 02 18 31.31 49.42 86.21 1.23 0.99 2.7
2009 02 19 31.58 48.92 87.97 1.21 0.99 2.88
2009 02 20 32.66 49.34 86.89 1.32 1.06 2.86
2009 02 21 31.78 49.49 90.33 1.18 0.95 2.58
2009 02 22 32.28 49.52 86.81 1.28 1.04 2.9
2009 02 23 31.67 48.57 91.4 1.44 1.16 3.28
2009 02 24 31.11 48.75 91.47 1.43 1.18 3.34
2009 02 25 29.84 48.28 91.03 1.45 1.21 3.41
2009 02 26 31.09 48.61 88.85 1.43 1.19 3.44
2009 02 27 30.56 50.41 87.1 1.38 1.14 3.24
2009 02 28 29.56 50.52 83.01 1.34 1.11 3.15
2009 03 01 31.04 49.31 87.37 1.38 1.14 3.42
2009 03 02 30.36 48.12 90.17 1.46 1.22 3.39
2009 03 03 30.15 49.55 92.5 1.57 1.31 4.12
2009 03 04 29.62 48.79 94.43 1.34 1.12 3.33
2009 03 05 30.74 49.46 96.38 1.46 1.2 3.4
2009 03 06 29.9 49.87 92.21 1.37 1.16 3.19
2009 03 07 30.82 49.7 91.26 1.31 1.07 3.86
2009 03 08 29.81 50.09 92.42 1.32 1.1 3.33
2009 03 09 29.81 50.19 90.18 1.35 1.11 3.16
2009 03 10 30.39 50.92 86.29 1.3 1.1 3.1
2009 03 11 30.25 50.12 91.2 1.4 1.16 3.47
2009 03 12 30.58 50.18 88.4 1.39 1.15 3.09
2009 03 13 30.82 49.91 90.7 1.39 1.15 3.26
2009 03 14 32.26 50.74 95.46 1.37 1.15 3.07
2009 03 15 31.46 48.94 97.49 1.42 1.19 3.43
2009 03 16 31.64 49.22 93.11 1.5 1.26 3.72
2009 03 17 31.3 47.91 91.18 1.48 1.24 3.61
2009 03 18 32.03 50.26 86.65 1.43 1.2 3.41
2009 03 19 32.66 50.08 84.26 1.44 1.2 3.42
2009 03 20 32.8 49.77 87.27 1.43 1.18 3.42
2009 03 21 31.95 50.08 88.02 1.48 1.24 3.59
2009 03 22 32.46 49.4 92.86 1.61 1.34 4
2009 03 23 32.85 50.71 94 1.45 1.2 3.2
2009 03 24 32.74 50.78 93.46 1.44 1.19 3.17
2009 03 25 32.85 50.9 93.09 1.44 1.19 3.17
2009 03 26 32.42 50.89 92.36 1.41 1.17 3.2
2009 03 27 33.36 51.28 90.35 1.48 1.2 3.24
2009 03 28 34.15 50.83 91.98 1.48 1.19 3.31
2009 03 29 32.64 50.18 96.99 1.45 1.17 5.17
2009 03 30 32.97 50.1 89.91 1.45 1.17 5.1
2009 03 31 34.37 50.87 92.66 1.44 1.16 4.94
2009 04 01 32.81 51.09 90.07 1.47 1.18 5.13
2009 04 02 33.47 50.55 89.04 1.42 1.17 4.96
2009 04 03 32.27 50.76 86.49 1.47 1.22 5.27
2009 04 04 32.12 51.05 88.49 1.43 1.15 4.99
2009 04 05 31.48 50.05 83.82 1.47 1.18 5.1
2009 04 06 32.59 51.31 84.6 1.46 1.17 5.05
2009 04 07 33.89 51.5 89.3 1.49 1.2 5.17
2009 04 08 33.22 51.11 92.74 1.58 1.28 5.65
2009 04 09 33.45 50.43 89.72 1.41 1.13 4.83
2009 04 10 32.85 50.44 86.74 1.4 1.11 4.79
2009 04 11 32.57 50.93 93.23 1.52 1.21 5.3
2009 04 12 33.68 52.04 88.69 1.55 1.24 5.37
2009 04 13 33.38 50.84 90 1.58 1.26 5.49
2009 04 14 31.44 50.06 90.65 1.53 1.22 5.37
2009 04 15 31.18 50.42 86.64 1.44 1.15 5.1
2009 04 16 31.98 50.92 89.47 1.44 1.17 5.15
2009 04 17 32.88 51.39 88.88 1.45 1.16 5.09
2009 04 18 32.75 52.28 90.11 1.6 1.27 5.61
2009 04 19 32.62 52.69 82.84 1.51 1.2 5.33
2009 04 20 33.27 54.17 84.12 1.51 1.19 5.32
2009 04 21 34.97 53.06 86.87 1.53 1.18 5.23
2009 04 22 33.43 52.7 85.13 1.7 1.32 5.89
2009 04 23 34.76 51.31 91.82 1.66 1.28 5.83
2009 04 24 34.59 51.75 84.47 1.37 1.1 4.83
2009 04 25 35.63 51.6 89.68 1.47 1.16 5.17
2009 04 26 35.36 53.16 84.8 1.38 1.08 4.77
2009 04 27 35.78 52.3 80.91 1.38 1.07 4.71
2009 04 28 35.05 52.87 83.31 1.49 1.15 5.17
2009 04 29 35.15 54.64 87.21 1.54 1.22 5.34
2009 04 30 36.17 53.81 84.09 1.53 1.22 5.35
2009 05 01 36.11 52.92 79.42 1.49 1.15 5.15
2009 05 02 36.97 53.52 82.82 1.6 1.25 5.83
2009 05 03 37.64 54.22 77.18 1.53 1.2 5.65
2009 05 04 35.86 52.96 83.26 1.57 1.24 5.6
2009 05 05 36.12 52.18 84.64 1.61 1.27 5.89
2009 05 06 36.71 51.72 82.55 1.57 1.24 5.61
2009 05 07 35.11 50.33 85.87 1.63 1.28 5.78
2009 05 08 35.06 52.76 78.13 1.35 1.05 4.65
2009 05 09 35.6 51.56 84.02 1.5 1.18 5.23
2009 05 10 34.13 52.56 75.87 1.53 1.18 5.26
2009 05 11 34.73 51.74 84.53 1.53 1.2 5.33
2009 05 12 34.34 52.7 86.47 1.71 1.31 5.91
2009 05 13 34.59 53.61 78.69 1.5 1.17 5.15
2009 05 14 35.41 52.32 82.92 1.52 1.2 5.3
2009 05 15 36.7 53.24 69.43 1.66 1.29 5.92
2009 05 16 34.52 53.24 78.31 1.47 1.17 5.16
2009 05 17 35.85 53.34 85.48 1.5 1.17 5.3
2009 05 18 35.59 52.9 80.2 1.52 1.2 5.37
2009 05 19 35.36 52.22 85.88 1.64 1.3 5.85
2009 05 20 34.49 52.34 92.65 1.63 1.28 5.76
2009 05 21 35.01 53.92 84.98 1.5 1.2 5.23
2009 05 22 35.67 53.36 86.39 1.45 1.15 5.05
2009 05 23 35.36 54.31 82.63 1.53 1.22 5.4
2009 05 24 35.39 53.33 83.44 1.41 1.12 4.96
2009 05 25 35.28 53.77 83.13 1.4 1.11 4.94
2009 05 26 35.12 54 84.5 1.47 1.15 5.08
2009 05 27 36.04 55.2 85.89 1.51 1.2 5.26
2009 05 28 35.79 54.87 83.47 1.46 1.16 5.09
2009 05 29 35.06 54.81 85.32 1.53 1.22 5.33
2009 05 30 34.38 54.72 87.33 1.54 1.23 5.37
2009 05 31 34.23 54.35 85.91 1.21 0.99 4.37
2009 06 01 33.69 54.71 85.25 1.39 1.11 4.91
2009 06 02 33.95 55.02 84.35 1.29 1.04 4.51
2009 06 03 34.9 53.89 84.89 1.32 1.06 4.7
2009 06 04 34.86 54.06 83.65 1.58 1.27 5.61
2009 06 05 34.94 53.26 84.47 1.46 1.16 5.15
2009 06 06 35.12 52.03 86.64 1.5 1.2 5.37
2009 06 07 36.82 55.16 83.02 1.34 1.08 4.71
2009 06 08 35.87 54.21 88.39 1.48 1.19 5.25
2009 06 09 35.38 54.52 81.75 1.6 1.27 5.57
2009 06 10 35.76 53.62 86.24 1.43 1.14 5.02
2009 06 11 34.55 54.23 89.49 1.31 1.05 4.68
2009 06 12 35.06 53.88 88.29 1.41 1.14 4.95
2009 06 13 35.55 54.97 86.78 1.38 1.13 4.87
2009 06 14 36.78 54.81 90.51 1.34 1.09 4.78
2009 06 15 35.33 54.15 86.05 1.35 1.09 4.78
2009 06 16 36.27 54.41 89.69 1.46 1.2 5.23
2009 06 17 35.11 53.7 89.72 1.49 1.22 5.31
2009 06 18 35.62 54.81 89.54 1.45 1.19 5.14
2009 06 19 37.89 54.54 86.69 1.52 1.22 5.37
2009 06 20 36.16 54.86 91.57 1.46 1.18 5.24
2009 06 21 37.54 55.19 89.39 1.49 1.22 5.3
2009 06 22 35.27 53.21 87.08 1.63 1.51 6.12
2009 07 17 32.55 51.1 86.05 3.08 2.34 11.57
2009 07 18 38.01 54.47 89.43 1.55 1.3 5.56
2009 07 19 37.21 55.43 90.1 1.67 1.38 6.09
2009 07 20 38.9 56.1 94.79 1.68 1.38 6.02
2009 07 21 36.64 54.8 85.47 1.51 1.24 5.49
2009 07 22 34.72 56.61 92.95 1.66 1.36 5.91
2009 07 23 38.96 55.32 90.13 1.77 1.46 6.32
2009 07 24 36.78 55.94 91.73 1.56 1.3 5.76
2009 07 25 36.78 53.87 83.55 1.74 1.44 6.37
2009 07 26 35.84 57.16 99.34 1.86 1.55 6.85
2009 07 27 36.28 53.32 85.94 1.7 1.4 6.09
2009 07 28 35.09 55.89 81.07 1.65 1.37 5.9
2009 07 29 35.77 54.23 88.59 1.49 1.22 5.4
2009 07 30 36.43 55.16 88.75 1.93 1.71 8.8
2009 07 31 36.73 55.1 94.52 2.46 2.14 11.93
2009 08 01 36.81 55.9 94.95 2.55 2.22 17.09
2009 08 02 37.5 55.86 92.69 3.47 3 28.1
2009 08 03 24.3 39.58 171.8 35.08 30.39 267.52
2009 09 10 37.41 56.78 88.36 2.23 1.76 8.7
2009 09 11 35.77 55.73 88.93 1.37 1.12 4.74
2009 09 12 35.86 55.69 88.43 1.32 1.09 4.63
2009 09 13 36.25 56.27 89.8 1.39 1.15 4.93
2009 09 14 36.51 54.27 92.89 1.64 1.37 5.93
2009 09 15 37.43 56.52 90.64 1.41 1.16 4.97
2009 09 16 35.82 55.59 87.64 1.44 1.21 5.11
2009 09 17 37.65 57.28 93.73 1.55 1.3 5.42
2009 09 18 36.7 56.36 89.1 1.53 1.27 5.5
2009 09 19 39.43 56.29 100.43 1.62 1.34 5.68
2009 09 20 38.04 56.54 95.76 1.58 1.3 5.59
2009 09 21 36.73 57.34 89.81 1.35 1.11 4.66
2009 09 22 36.67 56.68 91.52 1.28 1.03 4.42
2009 09 23 36.24 55.61 90.85 1.33 1.07 4.53
2009 09 24 36.99 55.74 89.53 1.27 1.04 4.39
2009 09 25 36.99 57.17 88.49 1.43 1.16 4.9
2009 09 26 38.19 58.07 93.29 1.32 1.07 4.58
2009 09 27 37.76 58.01 90.95 1.39 1.14 4.72
2009 09 28 37.61 56.82 88.43 1.29 1.05 4.37
2009 09 29 37.5 56.39 92.86 1.32 1.08 4.55
2009 09 30 37.88 58.21 93.85 1.4 1.14 4.87
2009 10 01 38.51 57.87 92.14 1.22 0.96 4.07
2009 10 02 38.18 58.5 94.97 1.25 1.02 4.3
2009 10 03 37.99 57.33 92.3 1.29 1.05 4.44
2009 10 04 37.73 56.84 91.1 1.4 1.14 4.96
2009 10 05 37.65 57.6 96.33 1.26 1.01 4.34
2009 10 06 38.15 58.27 96.99 1.27 1.02 4.37
2009 10 07 38.05 58.15 95.31 1.34 1.07 4.6
2009 10 08 37.3 58.02 95.09 1.31 1.04 4.45
2009 10 09 38.45 57.32 90.52 1.3 1.06 4.48
2009 10 10 37.58 58.22 89.66 1.19 0.98 4.09
2009 10 11 37.72 57.15 88.2 1.16 0.94 4.07
2009 10 12 38.1 56.91 90.87 1.16 0.95 4.11
2009 10 13 38.31 57.49 91.57 1.34 1.1 4.81
2009 10 14 37.58 55.61 95.87 1.5 1.23 5.47
2009 10 15 38.89 57.81 94.18 1.51 1.24 5.42
2009 10 16 38.85 57.82 92.21 1.49 1.21 5.3
2009 10 17 38.09 57.24 93.04 1.34 1.09 4.78
2009 10 18 38.15 56.53 94.66 1.39 1.13 4.98
2009 10 19 37.7 56.82 98.72 1.54 1.26 5.54
2009 10 20 38.77 56.88 93.42 1.32 1.07 4.82
2009 10 21 37.02 57.33 89.71 1.3 1.06 4.61
2009 10 22 37.79 58.01 92.89 1.32 1.07 4.62
2009 10 23 39.42 58.14 95.66 1.38 1.13 4.87
2009 10 24 39.05 57.06 95.2 1.55 1.28 5.55
2009 10 25 39.41 57.85 92.22 1.31 1.06 4.62
2009 10 26 39.28 58.05 93.05 1.38 1.13 4.82
2009 10 27 38.32 57.16 99.59 1.38 1.13 5.01
2009 10 28 38.51 57.54 98.26 1.25 1.05 4.54
2009 10 29 37.18 58.22 95.73 1.28 1.05 4.53
2009 10 30 39.83 60.37 101.05 1.35 1.09 4.73
2009 10 31 39.34 58.63 93.31 1.44 1.17 5.09
2009 11 01 38.62 58.65 88.95 1.53 1.25 5.42
2009 11 02 38.87 57.88 90.91 1.42 1.16 4.95
2009 11 03 38.06 57.2 89.14 1.44 1.17 5.03
2009 11 04 38.53 57.56 92.11 1.33 1.08 4.67
2009 11 05 38.56 57.3 94.01 1.37 1.13 4.89
2009 11 06 39.87 56.72 101.86 1.47 1.21 5.39
2009 11 07 37.44 56.34 98.82 1.46 1.19 5.14
2009 11 08 39.16 56.58 96.42 1.33 1.12 4.66
2009 11 09 38.85 58.56 93.86 1.36 1.12 4.77
2009 11 10 37.58 57.05 94.39 1.42 1.17 5.05
2009 11 11 38.11 55.86 98.88 1.38 1.16 4.89
2009 11 12 38.67 56.99 101.98 1.28 1.08 4.58
2009 11 13 37.83 57.39 98.01 1.31 1.07 4.71
2009 11 14 39.2 58.26 96.87 1.3 1.07 4.54
2009 11 15 40.03 58.66 93.25 1.34 1.11 4.66
2009 11 16 39.98 58.65 93.93 1.29 1.04 4.54
2009 11 17 39.99 58.31 93.67 1.36 1.1 4.72
2009 11 18 39.2 58.56 97.53 1.34 1.08 4.71
2009 11 19 39.07 59.09 94.04 1.36 1.11 4.81
2009 11 20 39.71 58.07 97.44 1.35 1.11 4.76
2009 11 21 39.8 57.83 101.76 1.42 1.16 5
2009 11 22 40.27 59.74 95.96 1.21 1 4.23
2009 11 23 39.74 58.69 91.53 1.13 0.94 3.92
2009 11 24 39.28 59.61 89.7 1.27 1.06 4.39
2009 11 25 39.08 59.86 91.73 1.23 1.02 4.27
2009 11 26 40.1 59.36 95.52 1.31 1.09 4.57
2009 11 27 39.49 58.79 94.08 1.34 1.1 4.66
2009 11 28 38.73 58.92 97.59 1.33 1.11 4.79
2009 11 29 39.19 60.1 96.05 1.27 1.06 4.49
2009 11 30 40.05 59.73 95.92 1.26 1.07 4.41
2009 12 01 39.89 60.52 95.56 1.24 1.04 4.25
2009 12 02 38.94 59.65 93.42 1.17 0.98 4.03
2009 12 03 38.87 60.1 92.69 1.21 1.01 4.13
2009 12 04 39.62 60.04 95.44 1.23 1.04 4.25
2009 12 05 39.2 60.01 93.47 1.16 0.96 3.98
2009 12 06 38.8 59.52 93.93 1.24 1.03 4.31
2009 12 07 38.87 59.93 94.44 1.26 1.04 4.39
2009 12 08 37.89 59.84 90.57 1.24 1 4.29
2009 12 09 39.24 60.76 88.85 1.3 1.08 4.6
2009 12 10 39.75 61.21 88.39 1.33 1.09 4.67
2009 12 11 39.87 61.37 89.67 1.34 1.1 4.68
2009 12 12 39.67 59.79 98.05 1.31 1.06 4.54
2009 12 13 38.71 60.55 100.65 1.43 1.15 4.98
2009 12 14 39.24 60.02 97.16 1.39 1.12 4.8
2009 12 15 40.95 61.03 92.46 1.41 1.14 4.8
2009 12 16 42.01 57.52 94.4 1.38 1.11 4.74
2009 12 17 41.98 56.52 95.97 1.42 1.14 4.89
2009 12 18 41.43 58.63 93.5 1.34 1.08 4.61
2009 12 19 42.24 58.97 93.17 1.42 1.15 4.95
2009 12 20 43.11 56 93.68 1.37 1.1 4.73
2009 12 21 42.95 54.98 95.44 1.45 1.17 5.13
2009 12 22 42.71 54.84 96.61 1.39 1.11 4.89
2009 12 23 41.19 55.72 94.94 1.4 1.1 4.82
2009 12 24 40.47 56.81 92.2 1.32 1.06 4.52
2009 12 25 39.86 56.24 90.54 1.34 1.06 4.6
2009 12 26 40.08 57.96 93.6 1.34 1.1 4.64
2009 12 27 39.86 61.94 94.28 1.27 1.02 4.45
2009 12 28 39.09 61.98 95.46 1.29 1.03 4.51
2009 12 29 40.12 61.86 93.71 1.26 1 4.42
2009 12 30 40.04 62.23 95.62 1.25 1 4.34
2009 12 31 40.01 61.06 89.88 1.16 0.92 4.01
2010 01 01 39.84 61.96 91.3 1.26 1 4.39
2010 01 02 39.78 61.94 92.92 1.41 1.13 4.97
2010 01 03 39.15 62.71 88.58 1.37 1.09 4.78
2010 01 04 39.3 62.06 89.11 1.36 1.11 4.72
2010 01 05 39.21 62.14 91.97 1.36 1.1 4.77
2010 01 06 39.46 61.69 91.75 1.39 1.15 4.91
2010 01 07 39.78 61.93 91.39 1.35 1.11 4.7
2010 01 08 40.01 62.01 91.79 1.37 1.11 4.79
2010 01 09 40.11 62.65 93.61 1.35 1.1 4.75
2010 01 10 40.11 62.18 87.81 1.36 1.11 4.8
2010 01 11 39.92 62.46 82.54 1.37 1.12 4.88
2010 01 12 39.31 61.68 87.2 1.38 1.12 4.9
2010 01 13 40.25 62.32 87.27 1.44 1.22 5.27
2010 01 14 40.76 62.51 89.08 1.38 1.15 5.14
2010 01 15 40.76 61.96 85.07 1.3 1.06 4.57
2010 01 16 40.5 61.93 90.44 1.3 1.07 4.61
2010 01 17 40.2 62.46 94.11 1.28 1.05 4.49
2010 01 18 40.5 62.99 95.13 1.26 1.02 4.44
2010 01 19 40.36 62.55 96.94 1.32 1.09 4.69
2010 01 20 40.24 62.29 99.03 1.32 1.06 4.6
2010 01 21 40.69 62.1 97.41 1.3 1.05 4.56
2010 01 22 39.72 62.33 97.96 1.31 1.06 4.6
2010 01 23 40.48 62.98 97.19 1.22 0.99 4.23
2010 01 24 41.37 65.23 95.31 1.22 0.99 4.19
2010 01 25 41.99 63.8 96.51 1.22 0.98 4.17
2010 01 26 42.46 64.4 93.46 1.22 0.97 4.14
2010 01 27 41.64 63.96 94.38 1.22 0.98 4.16
2010 01 28 40.33 63.01 92.59 1.27 1.05 4.44
2010 01 29 39.88 62.82 92.22 1.28 1.04 4.41
2010 01 30 39.92 62.76 94.63 1.31 1.05 4.5
2010 01 31 40.58 63.01 97.59 1.3 1.05 4.49
2010 02 01 40.01 64.18 98.24 1.19 0.96 4.09
2010 02 02 41.02 63.34 97.12 1.31 1.04 4.51
2010 02 03 40.8 63.8 97.03 1.2 0.98 4.14
2010 02 04 40.62 62.22 90.2 1.2 0.98 4.15
2010 02 05 40.52 62.39 95.06 1.2 0.96 4.16
2010 02 06 40.65 63.25 91.78 1.25 1 4.32
2010 02 07 40.27 63.09 93.76 1.21 0.98 4.2
2010 02 08 40.28 62.81 94.46 1.29 1.05 4.45
2010 02 09 41.03 63.03 95.4 1.3 1.04 4.44
2010 02 10 40.6 64.09 95.83 1.28 1.04 4.44
2010 02 11 41.08 64.34 91.53 1.21 0.99 4.2
2010 02 12 41.08 64.7 95.4 1.21 1 4.18
2010 02 13 40.58 64.08 95.14 1.32 1.1 4.62
2010 02 14 40.41 64.19 90.22 1.54 1.31 5.51
2010 02 15 40.73 63.53 90.28 1.52 1.28 5.45
2010 02 16 40.48 65.27 95.91 1.66 1.39 6.01
2010 02 17 40.98 63.61 93.33 1.66 1.38 6.01
2010 02 18 40.35 64.31 90.99 1.57 1.31 5.67
2010 02 19 40.59 63.72 93.59 1.54 1.27 5.53
2010 02 20 40.64 63.49 90.14 1.55 1.3 5.59
2010 02 21 40.8 63.51 92.55 1.54 1.29 5.61
2010 02 22 41.18 63.34 93.37 1.56 1.32 5.66
2010 02 23 41.36 64.57 91.58 1.53 1.3 5.48
2010 02 24 42.09 64.8 92.68 1.59 1.35 5.71
2010 02 25 41.64 65.36 91.93 1.44 1.22 5.21
2010 02 26 41.45 64.3 88.75 1.48 1.25 5.27
2010 02 27 41.71 64.02 93.87 1.53 1.32 5.53
2010 02 28 40.57 64.03 96.6 1.5 1.26 5.37
2010 03 01 41.14 64.3 93.89 1.52 1.3 5.48
2010 03 02 41.22 63.74 94.84 1.55 1.32 5.63
2010 03 03 41.45 64.14 97.13 1.61 1.38 5.83
2010 03 04 41.26 63.63 97.37 1.58 1.33 5.72
2010 03 05 41.26 64.32 96.46 1.59 1.34 5.73
2010 03 06 41.07 64.16 92.44 1.92 1.64 6.98
2010 03 07 40.68 63.92 95.09 1.96 1.66 7.19
2010 03 08 41.72 64.69 96.29 1.64 1.39 6.04
2010 03 09 40.86 65.06 96.9 1.69 1.43 6.2
2010 03 10 40.83 65.44 94.4 1.57 1.31 5.65
2010 03 11 41.61 65.85 94 1.67 1.4 6.05
2010 03 12 42.13 65.6 93.63 1.69 1.44 6.21
2010 03 13 41.76 65.55 93.56 1.64 1.36 5.91
2010 03 14 41.6 65.92 92.16 1.63 1.4 5.92
2010 03 15 42.04 65.23 88.02 1.69 1.42 6.13
2010 03 16 42.08 65.13 88.93 1.68 1.42 6.14
2010 03 17 42.46 65.42 90.57 1.78 1.51 6.53
2010 03 18 41.91 65.26 91.81 1.66 1.4 5.97
2010 03 19 41.74 65.78 91.36 1.7 1.45 6.18
2010 03 20 42.01 65.33 92.75 1.74 1.47 6.28
2010 03 21 42.47 65.6 92.74 1.72 1.45 6.23
2010 03 22 41.62 64.77 91.54 1.7 1.41 5.98
2010 03 23 41.85 65.81 88.72 1.42 1.18 4.98
2010 03 24 41.98 66.04 88.24 1.41 1.18 4.96
2010 03 25 41.88 66.28 90.23 1.54 1.29 5.52
2010 03 26 42.65 66.12 94.34 1.57 1.31 5.68
2010 03 27 42.68 66.34 91.52 1.53 1.28 5.48
2010 03 28 43.9 67.07 91.45 1.59 1.33 5.74
2010 03 29 42.47 64.29 97.62 1.7 1.42 6.18
2010 03 30 43 64.81 100.13 1.64 1.37 5.94
2010 03 31 41.92 65.09 97.34 1.66 1.39 6.06
2010 04 01 42.31 65.83 99.03 1.57 1.31 5.71
2010 04 02 42.95 66.16 97.39 1.54 1.3 5.62
2010 04 03 43.62 67 92.82 1.47 1.24 5.29
2010 04 04 43.12 67.04 87.75 1.44 1.19 5.12
2010 04 05 42.45 66.16 93.07 1.49 1.22 5.49
2010 04 06 42.77 67.68 92.41 1.52 1.26 5.58
2010 04 07 42.65 66.92 86.22 1.65 1.38 6.21
2010 04 08 43.35 67.4 90.47 1.69 1.39 6.29
2010 04 09 42.64 67.52 88.47 1.83 1.47 6.75
2010 04 10 42.28 67.24 88.8 2.13 1.77 8.01
2010 04 11 41.14 65.79 86.11 1.81 1.5 6.86
2010 04 12 41.76 66.31 87.69 1.86 1.53 7.06
2010 04 13 42.23 67.87 91.89 1.79 1.48 6.78
2010 04 14 42.21 66.19 88.07 1.65 1.36 6.19
2010 04 15 42.12 67.05 84.57 1.68 1.38 6.24
2010 04 16 41.48 67.29 81.04 1.69 1.39 6.33
2010 04 17 42.6 66.99 84.39 1.77 1.49 6.66
2010 04 18 42.07 68.46 80.14 1.79 1.48 6.67
2010 04 19 41.5 67.51 81.81 1.75 1.47 6.61
2010 04 20 42.69 67.65 84.22 1.79 1.47 6.8
2010 04 21 41.97 68.13 85.04 1.76 1.45 6.59
2010 04 22 42.17 68.88 87.92 1.84 1.52 7.01
2010 04 23 43.1 69.18 91.36 1.97 1.63 7.57
2010 04 24 42.45 69.4 85.29 1.73 1.43 6.49
2010 04 25 42.64 69.52 84.42 1.79 1.48 6.74
2010 04 26 42.43 67.38 78.72 1.74 1.46 6.58
2010 04 27 42.56 67.79 86.06 1.78 1.46 6.71
2010 04 28 39.92 63.18 90.86 1.76 1.45 6.75
2010 04 29 41.62 64.58 86.07 1.55 1.29 5.94
2010 04 30 41.7 67.38 85.59 1.57 1.3 5.88
2010 05 01 43.3 69.07 87.79 1.62 1.34 6.11
2010 05 02 42.66 69.28 82.77 1.68 1.39 6.48
2010 05 03 43.22 69.46 82.34 1.68 1.4 6.4
2010 05 04 42.62 69.46 82.36 1.75 1.44 6.67
2010 05 05 42.21 69.22 78.9 1.58 1.32 5.97
2010 05 06 42.78 68.76 77.74 1.51 1.27 5.75
2010 05 07 42 69.33 78.7 1.61 1.34 6.07
2010 05 08 42.52 68.76 79.31 1.57 1.32 5.98
2010 05 09 42.57 66.88 78.38 1.76 1.51 6.67
2010 05 10 41.38 69.43 82.38 1.78 1.52 6.74
2010 05 11 42.86 68.85 84.01 1.71 1.44 6.48
2010 05 12 42.61 68.92 81.7 1.71 1.44 6.51
2010 05 13 42.37 68.89 76.8 1.73 1.46 6.49
2010 05 14 43.59 68.12 78.2 1.75 1.53 6.62
2010 05 15 43.68 67.61 78.14 1.73 1.47 6.49
2010 05 16 42.98 68.79 75.25 1.79 1.53 6.75
2010 05 17 42.99 68.24 74.23 1.74 1.46 6.53
2010 05 18 43.3 69.44 84.78 1.77 1.5 6.7
2010 05 19 43.43 70 81.31 1.69 1.45 6.37
2010 05 20 41.94 68.27 80.11 1.82 1.56 6.99
2010 05 21 41.97 68.88 79.14 1.7 1.46 6.46
2010 05 22 43.32 67.97 79.44 1.5 1.28 5.74
2010 05 23 42.61 69.06 83.26 1.55 1.35 5.84
2010 05 24 43.34 69.91 85.74 1.74 1.48 6.57
2010 05 25 42.8 68.85 81.83 1.46 1.27 5.49
2010 05 26 42.24 69.7 78.74 1.63 1.38 6.25
2010 05 27 42.06 69.61 79.91 1.66 1.39 6.31
2010 05 28 42.72 69.48 80.62 1.74 1.48 6.64
2010 05 29 40.16 70.34 72.47 1.62 1.37 6.13
2010 05 30 42.4 69.4 74.81 1.56 1.33 5.82
2010 05 31 43.22 70.69 76.22 1.66 1.43 6.23
2010 06 01 44.23 70.15 81.27 1.74 1.49 6.55
2010 06 02 44.04 69.39 76.41 1.77 1.49 6.66
2010 06 03 42.38 69.32 84.43 1.7 1.49 6.62
2010 06 04 42.56 68.99 81.61 1.65 1.4 6.31
2010 06 05 43.36 69.11 77.31 1.82 1.55 6.91
2010 06 07 44.25 70.5 79.39 1.53 1.29 5.76
2010 06 08 43.55 71.09 77.85 1.73 1.48 6.53
2010 06 09 41.46 70.9 80.57 1.8 1.58 6.91
2010 06 10 42.95 70.13 89.62 1.8 1.53 6.79
2010 06 11 42.48 71.31 78.99 1.71 1.46 6.41
2010 06 12 43.02 71.37 79.36 1.56 1.31 5.79
2010 06 13 43.81 71.48 79.71 1.65 1.37 6.05
2010 06 14 44.06 70.97 75.02 1.69 1.42 6.15
2010 06 15 44.38 70.36 79.11 1.68 1.41 6.24
2010 06 16 42.08 72.21 81.89 2.08 1.78 7.98
2010 06 17 44.91 72.48 81.48 1.61 1.35 5.96
2010 06 18 43.56 71.27 77.57 1.54 1.3 5.69
2010 06 19 44.53 70.62 82.04 1.75 1.48 6.47
2010 06 20 43.25 71.59 79.74 1.91 1.63 7.18
2010 06 21 43.58 69.12 81.81 1.85 1.58 6.9
2010 06 22 44.42 71.52 76.5 1.81 1.54 6.75
2010 06 23 43.96 70.34 72.43 1.76 1.5 6.58
2010 06 24 44.73 70.93 76.96 1.76 1.53 6.55
2010 06 25 42.97 70.23 79.19 1.69 1.43 6.31
2010 06 26 44.67 72.54 80.8 2.06 1.74 7.5
2010 06 27 44.05 72.06 74.48 1.67 1.42 6.29
2010 06 28 43.32 70.8 77.34 1.68 1.43 6.34
2010 06 29 44.18 71.09 78.82 1.85 1.58 6.96
2010 06 30 42.62 70.83 77.35 2.23 1.93 8.67
2010 07 01 43.57 71.01 79.82 2.67 2.33 10.7
2010 07 02 43.5 72.07 85.11 1.75 1.51 6.7
2010 07 03 43.34 71.9 84.08 1.86 1.61 7.06
2010 07 04 41.99 73.48 80.18 1.77 1.53 6.69
2010 07 05 43.73 72.17 79.01 1.67 1.48 6.43
2010 07 06 43.94 72.18 77.17 1.79 1.58 6.84
2010 07 07 43.58 68.72 76.7 1.66 1.46 6.33
2010 07 08 45.72 70.01 77.34 1.64 1.42 6.15
2010 07 09 41.8 73.99 75.57 1.94 1.7 7.21
2010 07 10 43.27 72.97 75.1 1.94 1.75 7.38
2010 07 11 43.5 72.21 73.11 1.95 1.73 7.47
2010 07 12 45.22 72.27 75.05 1.91 1.66 7.17
2010 07 13 43.52 71.14 87.81 1.71 1.49 6.52
2010 07 14 43.83 71.57 78.28 1.5 1.29 5.61
2010 07 15 44.63 72.53 77.52 1.51 1.31 5.73
2010 07 16 45.14 72.43 82.51 1.61 1.41 6.05
2010 07 17 45.84 72.06 90.9 1.98 1.74 7.44
2010 07 18 44 71.83 86.27 2.05 1.79 7.88
2010 07 19 44.03 70.96 82.02 2.05 1.79 7.84
2010 07 20 45.39 69.6 80.37 1.96 1.69 7.47
2010 07 21 44.11 71.34 79.62 1.6 1.37 6.06
2010 07 22 44.5 72.31 82.2 2.28 1.97 8.68
2010 07 23 43.48 73.61 78.96 1.79 1.53 6.83
2010 07 24 45.04 71.69 79.23 1.52 1.29 5.78
2010 07 25 44.47 70.58 78.49 1.57 1.33 5.94
2010 07 26 44.5 71.4 82.8 1.63 1.38 6.25
2010 07 27 46.97 71.31 81.61 2.24 1.91 8.61
2010 07 28 45.83 71.09 82.38 1.89 1.6 7.18
2010 07 29 42.91 73.43 79.71 2.51 2.22 9.91
2010 07 30 45.01 70.75 82.29 1.93 1.65 7.46
2010 07 31 42.54 70.96 76.49 2.67 2.3 10.96
2010 08 01 44.11 70.92 83.63 2.33 2.02 9.08
2010 08 02 42.92 73.86 85.93 1.83 1.57 6.87
2010 08 03 43.91 71.65 87.75 2.05 1.77 7.97
2010 08 04 44.36 71.74 86.45 1.98 1.72 7.53
2010 08 05 43.91 70.53 78.77 1.97 1.74 7.5
2010 08 06 45.02 72.91 83.09 2.13 1.87 8.06
2010 08 07 45.54 71.59 86.44 2.33 2.04 8.89
2010 08 08 45.19 71.75 85.66 2.14 1.85 8.17
2010 08 09 43.99 73.81 86.9 2.14 1.83 8.22
2010 08 10 44.97 73.91 76.77 1.75 1.49 6.7
2010 08 11 43.26 71.44 84.13 1.85 1.56 7.14
2010 08 12 44.4 74.26 84.21 1.55 1.3 5.89
2010 08 13 44.69 73.24 81.62 1.78 1.5 6.77
2010 08 14 43.37 73.21 80.02 1.59 1.33 5.98
2010 08 15 45.34 71.53 80.01 1.59 1.34 6.07
2010 08 16 44.5 73.06 78.45 1.94 1.64 7.31
2010 08 17 45 71.38 80.33 1.9 1.62 7.2
2010 08 18 44.51 73.32 76.61 2.11 1.89 7.83
2010 08 19 43.31 73.26 83.58 1.77 1.53 6.8
2010 08 20 44.48 73.83 84.2 1.69 1.45 6.37
2010 08 21 43.3 71.15 77.3 1.72 1.47 6.5
2010 08 22 43.81 74.19 80.98 1.82 1.54 7.05
2010 08 23 43.61 73.13 78.1 1.81 1.53 6.9
2010 08 24 44.05 72.61 76.88 1.49 1.21 5.58
2010 08 25 44.32 71.65 78.99 1.4 1.17 5.34
2010 08 26 44.99 72.26 78.19 1.62 1.36 6.26
2010 08 27 43.34 69.52 85.2 1.86 1.55 7.16
2010 08 28 40.82 71.36 87.3 2.02 1.73 7.99
2010 08 29 43.16 74.46 88.25 2.01 1.74 7.75
2010 08 30 44.03 74.14 84.72 1.59 1.33 6.06
2010 08 31 44.22 72.64 78.73 1.5 1.26 5.79
2010 09 01 43.84 71.71 83.95 1.64 1.37 6.28
2010 09 02 44.23 73.27 78.4 1.8 1.51 6.86
2010 09 03 44.31 73.65 77.32 1.4 1.17 5.37
2010 09 04 44.52 73.28 82.27 1.71 1.42 6.54
2010 09 05 43.17 74.32 87.83 1.73 1.44 6.63
2010 09 06 44.07 75.17 75.11 1.49 1.24 5.67
2010 09 07 43.85 73.98 84.07 1.4 1.16 5.38
2010 09 08 43.57 73.14 82.68 1.64 1.36 6.29
2010 09 09 43.46 74.18 87.32 1.82 1.5 6.82
2010 09 10 44.71 73.43 82.31 1.47 1.21 5.58
2010 09 11 43.94 72.95 81.81 1.64 1.35 6.14
2010 09 12 44.77 74 79.96 1.44 1.17 5.45
2010 09 13 43.96 74.27 79.15 1.59 1.31 5.91
2010 09 14 43.54 72.69 83.18 1.63 1.33 6.04
2010 09 15 43.92 75.41 82.17 1.86 1.5 6.81
2010 09 16 43.53 73.89 85.91 1.6 1.32 6.01
2010 09 17 44.21 74.74 80.4 1.49 1.24 5.63
2010 09 18 42.61 72.9 81.01 1.57 1.29 5.86
2010 09 19 44.1 73.15 82.73 1.18 1.03 4.71
2010 09 20 43.95 74.03 87 1.85 1.52 6.82
2010 09 21 45.39 74.58 84.57 1.2 1.06 4.86
2010 09 22 44.69 74.19 86.5 1.23 1.07 4.88
2010 09 23 44 74.11 77.06 1.85 1.48 6.84
2010 09 24 45.33 74.58 83.79 1.17 1 4.67
2010 09 25 45.25 74.9 80.29 1.11 0.97 4.52
2010 09 26 45.75 74.14 80.95 1.55 1.26 5.75
2010 09 27 45.24 73.81 80 1.54 1.26 5.71
2010 09 28 44.91 73.88 78.1 1.45 1.18 5.38
2010 09 29 45.4 74.31 81.37 1.48 1.2 5.54
2010 09 30 44.39 72.98 78.99 1.45 1.19 5.44
2010 10 01 44.34 74.43 77.28 1.49 1.22 5.53
2010 10 02 44.33 73.92 79.56 1.53 1.24 5.69
2010 10 03 44.91 73.92 80.67 1.5 1.21 5.76
2010 10 04 44.6 74.24 78.26 1.68 1.36 6.41
2010 10 05 45.42 74.61 80.5 1.45 1.17 5.54
2010 10 06 45.41 74.74 81.5 1.43 1.15 5.51
2010 10 07 45.53 74.61 83.54 1.69 1.36 6.44
2010 10 08 45.47 74.8 84.51 1.59 1.28 6.03
2010 10 09 46.01 73.43 75.51 1.5 1.2 5.7
2010 10 10 45.22 74.41 76.49 1.49 1.2 5.72
2010 10 11 44.69 74.23 76.17 1.6 1.29 6.17
2010 10 12 43.65 75.02 74.56 1.47 1.17 5.54
2010 10 13 44.66 74.73 75.41 1.35 1.08 5.18
2010 10 14 45.27 75.11 75.24 1.36 1.09 5.34
2010 10 15 45.26 74.45 75.88 1.46 1.18 5.64
2010 10 16 45.75 75.19 74.27 1.49 1.18 5.71
2010 10 17 45.1 74.05 79.85 1.58 1.26 6.02
2010 10 18 44.65 73.81 76.7 1.45 1.15 5.53
2010 10 19 45.27 74.21 80.11 1.41 1.12 5.42
2010 10 20 45.08 73.9 78.93 1.34 1.06 5.17
2010 10 21 44.64 73.97 77.62 1.4 1.12 5.42
2010 10 22 45.48 74.94 77.86 1.83 1.5 6.89
2010 10 23 45.62 79.95 84.19 1.43 1.16 5.82
2010 10 24 45.27 72.7 80.23 1.51 1.2 5.79
2010 10 25 43.77 72.03 74.29 1.61 1.29 6.38
2010 10 27 46.1 75.83 78.85 1.37 1.07 5.05
2010 10 28 45.87 75.42 75.3 1.38 1.1 5.27
2010 10 29 44.48 73.8 74.48 1.47 1.18 5.68
2010 10 30 45.63 74.74 78.79 1.49 1.18 5.64
2010 10 31 46.38 73.84 76.48 1.49 1.2 5.78
2010 11 01 45.71 76.17 76.49 1.4 1.13 5.5
2010 11 02 46.29 75.63 76.12 1.5 1.19 5.72
2010 11 03 44.83 75.56 72.26 1.5 1.19 5.75
2010 11 04 45.47 74.81 77.49 1.45 1.16 5.54
2010 11 05 45.85 75.07 76.36 1.44 1.16 5.57
2010 11 06 45.69 73.7 76.54 1.48 1.19 5.67
2010 11 07 46.66 75.85 76.32 1.56 1.26 5.93
2010 11 08 45.28 75.85 82.91 1.47 1.18 5.68
2010 11 09 45.91 74.98 77.28 1.33 1.08 5.04
2010 11 10 45.34 76.22 77.51 1.26 1.03 5
2010 11 11 46.58 76.06 74.46 2 1.85 7.43
2010 11 12 45.89 76.22 76.27 1.31 1.07 5.07
2010 11 13 46.01 76.83 74.94 1.26 1.03 4.87
2010 11 14 46.05 75.95 77.25 1.28 1.06 5.02
2010 11 15 46.36 77.38 74.18 1.37 1.12 5.35
2010 11 16 46.22 75.81 78.38 1.44 1.2 5.56
2010 11 17 45.95 76.33 75.87 1.43 1.17 5.48
2010 11 18 45.91 74.96 78.9 1.57 1.29 5.99
2010 11 19 45.59 74.45 77.99 1.52 1.22 5.71
2010 11 20 45.55 75.81 77.36 1.31 1.07 5.12
2010 11 21 45.85 75.7 73.73 1.9 1.6 6.87
2010 11 22 45.09 76.6 77.46 1.4 1.15 5.49
2010 11 23 45.51 75.96 78.34 1.5 1.24 5.86
2010 11 24 46.18 76.62 78.09 1.57 1.29 6.07
2010 11 25 46.1 78.98 75.95 1.51 1.24 5.77
2010 11 26 46.82 78.86 73.75 1.5 1.23 5.79
2010 11 27 46.36 77.1 71.66 1.49 1.22 5.75
2010 11 28 46.72 77.67 77.61 1.36 1.12 5.38
2010 11 29 46.36 78.31 76.53 1.35 1.1 5.2
2010 11 30 47.07 78.47 73.53 1.39 1.13 5.31
2010 12 01 47.72 77.87 73.7 1.42 1.16 5.51
2010 12 02 46.58 76.99 69.65 1.4 1.14 5.38
2010 12 03 45.96 76.45 73.59 1.5 1.22 5.67
2010 12 04 46.44 77.55 68.91 1.45 1.18 5.55
2010 12 05 46.13 77.88 69.15 1.49 1.21 5.68
2010 12 06 45.98 77.84 69.52 1.48 1.2 5.65
2010 12 07 45.31 78.4 65.83 1.36 1.11 5.24
2010 12 08 45.6 77.94 66.45 1.5 1.21 5.73
2010 12 09 45.14 77.77 68.61 1.49 1.22 5.77
2010 12 10 45.68 77.45 74.06 1.46 1.18 5.68
2010 12 11 46.17 78.68 73.1 1.47 1.21 5.74
2010 12 12 46.72 78.44 73.26 1.52 1.26 5.9
2010 12 13 46.91 77.21 78.53 1.72 1.41 6.58
2010 12 14 45.88 75.22 75.82 1.71 1.4 6.52
2010 12 15 46.71 76.66 75.53 1.48 1.21 5.68
2010 12 16 45.96 77.81 72.1 1.43 1.16 5.48
2010 12 17 45.64 78.65 72.37 1.45 1.17 5.65
2010 12 18 46.68 78.48 71.37 1.45 1.2 5.77
2010 12 26 46.64 79.09 77.44 1.53 1.41 5.71
2010 12 27 46.2 79 74.24 1.58 1.48 5.83
2010 12 28 48.19 80.1 73.83 1.41 1.34 5.2
