1 1 -110.436666666667  43.5866666666667   4.4 0.00 2010 08 04 13 27 26.41
1 2 -110.421666666667  43.5896666666667  -1.3 0.00 2010 08 04 22 34 21.22
1 3 -110.44  43.5896666666667  -0.9 0.00 2010 08 04 23 44 24.39
2 4 -110.403333333333  43.5725  10.3 0.00 2010 08 05 00 12  9.12
2 5 -110.545  43.601   6.7 0.00 2010 08 06 18 48 58.64
3 6 -110.601666666667  43.6021666666667   3.8 0.00 2010 08 05 00 34 54.85
3 7 -110.488333333333  43.5891666666667   6.6 0.00 2010 08 05 01 19 45.71
3 8 -110.423333333333  43.5986666666667   1.5 0.00 2010 08 05 01 21 23.66
3 9 -110.481666666667  43.5938333333333   6.7 0.00 2010 08 05 01 47  0.44
3 10 -110.551666666667  43.5915   7.9 0.00 2010 08 05 02 13 18.00
3 11 -110.426666666667  43.582   2.3 0.00 2010 08 05 02 52 40.02
3 12 -110.441666666667  43.595   4.2 0.00 2010 08 09 06 12 19.15
4 13 -110.406666666667  43.5825  -2.8 0.00 2010 08 05 04 16  1.74
4 14 -110.443333333333  43.5748333333333   5.0 0.00 2010 08 05 04 20 16.07
4 15 -110.495  43.6081666666667   5.3 0.00 2010 08 05 04 49 40.32
4 16 -110.443333333333  43.5796666666667   3.0 0.00 2010 08 05 04 53 34.87
4 17 -110.535  43.5986666666667   6.5 0.00 2010 08 05 05 12 57.80
4 18 -110.458333333333  43.6056666666667   6.4 0.00 2010 08 08 01 54 26.45
5 19 -110.433333333333  43.563   6.0 0.00 2010 08 05 04 22 21.41
5 20 -110.461666666667  43.6081666666667   8.1 0.00 2010 08 07 14 36 13.55
5 21 -110.436666666667  43.5866666666667   2.9 0.00 2010 08 07 15 31 59.75
6 22 -110.438333333333  43.604   1.4 0.00 2010 08 05 15 14  7.10
6 23 -110.433333333333  43.5961666666667   4.9 0.00 2010 08 06 05 33 14.06
7 24 -110.453333333333  43.6033333333333   4.8 0.00 2010 08 05 15 24 56.39
7 25 -110.485  43.6056666666667   4.3 0.00 2010 08 05 15 30 26.74
7 26 -110.531666666667  43.6105   4.9 0.00 2010 08 05 15 42 55.75
7 27 -110.483333333333  43.6211666666667   3.2 0.00 2010 08 05 15 48 32.33
8 28 -110.465  43.6056666666667   2.9 0.00 2010 08 05 15 46 43.30
8 29 -110.47  43.5926666666667   5.0 0.00 2010 08 06 17 47  8.66
9 30 -110.413333333333  43.601   1.1 0.00 2010 08 05 16 30 34.64
9 31 -110.415  43.5998333333333   3.0 0.00 2010 08 06 07 13 56.01
10 32 -110.453333333333  43.6045   2.7 0.00 2010 08 05 19 41 11.61
10 33 -110.416666666667  43.6081666666667   3.1 0.00 2010 08 05 23 06 31.58
10 34 -110.45  43.6081666666667   5.3 0.00 2010 08 07 00 22 43.19
10 35 -110.48  43.6093333333333   6.9 0.00 2010 08 07 00 55 43.94
11 36 -110.43  43.617   1.0 0.00 2010 08 05 20 12  8.57
11 37 -110.471666666667  43.5843333333333   4.4 0.00 2010 08 07 19 45  3.19
12 38 -110.42  43.601   2.9 0.00 2010 08 05 20 34 30.15
12 39 -110.501666666667  43.5986666666667   6.0 0.00 2010 08 10 16 15 38.76
12 40 -110.496666666667  43.6211666666667   4.1 0.00 2010 08 21 18 54 26.57
13 41 -110.488333333333  43.6081666666667   5.0 0.00 2010 08 17 05 07 28.39
14 42 -110.465  43.5891666666667   5.0 0.00 2010 08 06 03 49 31.63
14 43 -110.42  43.5796666666667   5.0 0.00 2010 08 08 17 29 35.99
15 44 -110.443333333333  43.5748333333333   5.0 0.00 2010 08 06 20 17 34.70
15 45 -110.426666666667  43.6056666666667   3.0 0.00 2010 08 06 23 31 23.60
16 46 -110.525  43.6151666666667   7.8 0.00 2010 08 11 03 56 11.45
16 47 -110.433333333333  43.6081666666667   1.8 0.00 2010 08 12 05 22 40.27
16 48 -110.428333333333  43.6028333333333  -0.8 0.00 2010 08 12 09 26 37.14
17 49 -110.456666666667  43.6021666666667   3.2 0.00 2010 08 14 15 50 14.73
17 50 -110.44  43.6181666666667   1.0 0.00 2010 08 15 15 56 51.55
17 51 -110.45  43.6176666666667   2.3 0.00 2010 08 15 15 59 15.57
18 52 -110.443333333333  43.6176666666667   1.9 0.00 2010 08 16 21 01 51.44
18 53 -110.415  43.5998333333333   2.3 0.00 2010 08 16 22 52  3.39
18 54 -110.436666666667  43.6105   4.2 0.00 2010 08 16 22 52 26.16
18 55 -110.518333333333  43.5961666666667   7.5 0.00 2010 08 16 23 14  7.89
18 56 -110.423333333333  43.601   1.2 0.00 2010 08 16 23 14 30.96
19 57 -110.428333333333  43.5998333333333   3.6 0.00 2010 08 17 00 21 21.16
19 58 -110.433333333333  43.6081666666667   4.7 0.00 2010 08 17 00 35 21.70
20 59 -110.426666666667  43.6081666666667   4.4 0.00 2010 08 17 03 48 59.06
20 60 -110.453333333333  43.617   4.3 0.00 2010 08 17 05 47 20.79
20 61 -110.465  43.6151666666667   9.5 0.00 2010 09 04 15 39  3.37
21 62 -110.413333333333  43.5915   0.0 0.00 2010 08 17 09 22 17.54
21 63 -110.465  43.5986666666667   2.8 0.00 2010 08 17 17 40 49.70
21 64 -110.443333333333  43.6081666666667   3.9 0.00 2010 08 19 00 34 45.47
21 65 -110.41  43.6056666666667   0.5 0.00 2010 08 21 06 47  2.13
21 66 -110.478333333333  43.5986666666667   5.0 0.00 2010 08 21 13 36 19.59
21 67 -110.433333333333  43.6056666666667   5.0 0.00 2010 08 22 12 34 36.52
22 68 -110.443333333333  43.5986666666667   2.6 0.00 2010 08 19 06 22 11.79
22 69 -110.471666666667  43.601   5.0 0.00 2010 08 23 03 41 30.16
23 70 -110.416666666667  43.6081666666667   1.9 0.00 2010 08 19 19 29 57.22
23 71 -110.436666666667  43.6056666666667   4.4 0.00 2010 08 26 02 16 50.50
24 72 -110.465  43.6105   5.0 0.00 2010 08 20 12 07 48.93
24 73 -110.45  43.6128333333333   5.6 0.00 2010 08 21 05 56 15.28
25 74 -110.38  43.6056666666667  -1.4 0.00 2010 08 25 17 32  2.72
25 75 -110.408333333333  43.614   1.3 0.00 2010 08 25 21 22 51.86
25 76 -110.391666666667  43.6021666666667   4.1 0.00 2010 08 25 21 21 14.72
25 77 -110.433333333333  43.6105   5.0 0.00 2010 08 26 00 51 56.31
25 78 -110.48  43.6235   4.9 0.00 2010 08 27 22 02  8.36
26 79 -110.39  43.6176666666667  -0.9 0.00 2010 08 29 22 20 28.50
26 80 -110.481666666667  43.6033333333333   7.1 0.00 2010 09 04 14 01 13.72
27 81 -110.455  43.601   5.0 0.00 2010 09 02 16 01 46.56
27 82 -110.423333333333  43.5961666666667   3.7 0.00 2010 09 03 10 18 14.58
27 83 -110.456666666667  43.6021666666667   3.9 0.00 2010 09 04 01 10 48.19
28 84 -110.46  43.5866666666667   4.0 0.00 2010 09 07 04 06 30.86
28 85 -110.563333333333  43.6151666666667   6.9 0.00 2010 09 08 21 39 37.80
29 86 -110.453333333333  43.6188333333333   5.0 0.00 2010 09 09 05 22  1.35
29 87 -110.505  43.5225   2.9 0.00 2010 09 13 00 54 23.31
