CTU     40.6925 -111.7503       1731
HMU     37.9380 -110.7420       2438
HVU     41.7797 -112.7750       1609
KNB     37.0167 -112.8223       1715
YFT     44.4508 -110.8373       2292
YMR     44.6687 -110.9650       2149
YNR     44.7155 -110.6792       2336
YUF     44.7127 -110.5118       2394
BGU     40.9208 -113.0300       1640
CCUT    37.5507 -113.3627       2127
JLU     40.6020 -111.4500       2285
MPU     40.0155 -111.6333       1909
NLU     39.9548 -112.0750       2036
NOQ     40.6528 -112.1188       1622
SPU     41.3087 -112.4492       2086
TCU     41.1173 -111.4078       2269
TMU     39.2965 -111.2082       2731
SRU     39.1108 -110.5238       1804
YHB     44.7512 -111.1952       2157
ALP     40.4543 -111.7768       1510
ALT     40.5903 -111.6375       2635
AMF     40.4018 -111.7878       1445
AVE     40.7745 -111.8638       1387
BCS     41.5118 -112.0330       1303
BCU     41.5123 -111.9822       1676
BES     41.3183 -111.9543       1455
BSS     40.6242 -111.8228       1411
BYP     40.7710 -111.8872       1323
BYU     40.2528 -111.6495       1421
CAP     40.7785 -111.8900       1384
CFS     40.5660 -112.0935       1654
CHS     40.5947 -112.0172       1460
COY     40.6593 -112.2390       1572
CWR     41.5817 -111.7815       1837
DOT     40.7268 -111.9608       1282
ELE     41.0807 -111.9182       1444
EMF     40.2815 -111.9987       1487
ETW     41.6692 -112.1422       1305
FTT     40.6860 -112.0832       1381
GMO     40.6000 -112.4747       1320
GMV     40.5733 -111.7632       1829
HCO     40.6678 -111.8230       1362
HER     40.5157 -112.0308       1502
HES     41.1648 -112.1217       1292
HON     41.6162 -112.0508       1528
ICF     40.7782 -112.0287       1281
JRP     40.8257 -111.9443       1284
JVW     40.6325 -111.9077       1315
LCU     40.5735 -111.7985       1571
LGC     40.9007 -111.9085       1292
LKC     40.7270 -112.0357       1289
LMU     40.3152 -111.9320       1593
LRG     41.7137 -111.8513       1362
LSU     40.1323 -111.7300       1375
MAB     40.1308 -111.5778       1440
MBUT    38.5334 -109.5099       1376
MID     40.5173 -112.2547       1722
MOR     41.0462 -111.6657       1633
NAI     41.0162 -112.2280       1472
OCP     40.2978 -111.6907       1464
OF2     41.2283 -111.9487       1358
OPS     41.2287 -111.9757       1317
OSS     40.5628 -112.0268       1503
PCL     41.3100 -112.1000       1290
PCR     40.6542 -111.5032       2100
PGC     40.3785 -111.7103       1707
RIV     40.5193 -111.9342       1347
RPF     40.7753 -111.9203       1287
SCC     40.6748 -111.9395       1306
SCS     41.0955 -112.0468       1321
SCY     40.0578 -111.6857       1386
SJF     40.5562 -111.9390       1356
SPR     40.1823 -111.6118       1379
SPS     40.6495 -112.3158       1293
SSC     40.5815 -111.8558       1414
TPU     40.4302 -111.9022       1383
TRS     40.5138 -112.3105       1568
UHP     40.9912 -111.8980       1295
UTH     41.1442 -111.9253       1389
UUE     40.7682 -111.8462       1449
VEC     40.6535 -112.0325       1480
VES     41.2620 -111.7700       1501
VNL     40.4581 -109.5482       1648
WBC     41.1397 -111.9008       1602
WCF     41.6395 -111.9323       1387
WES     40.7328 -111.8543       1341
WHS     40.7752 -111.8988       1301
WRP     40.8137 -111.9312       1286
BCE     39.6132 -110.4085       2666
BCW     39.7303 -110.7425       2614
DCM     39.6950 -110.5833       2537
ARGU    39.8228 -110.5437       2828
ARUT    37.7880 -113.4403       1646
BEI     42.1167 -111.7823       1859
BHU     37.5925 -112.8570       3230
BMUT    41.9582 -111.2342       2243
BTU     37.7557 -111.8743       3235
CWU     40.4458 -112.1022       1945
DAU     40.4125 -111.2558       2771
DBD     39.3137 -111.0925       2265
DCU     40.4137 -111.5268       1829
DUG     40.1950 -112.8133       1477
DWU     38.1053 -112.9975       2270
EKU     37.0747 -112.4968       1829
ELU     39.6402 -111.2038       2970
EPU     41.3915 -112.4088       1436
FLU     39.3782 -112.1715       1951
FPU     41.0263 -111.8368       2816
FSU     39.7225 -113.3913       1487
GMU     40.5755 -111.7632       1829
GRD     40.5988 -111.9245       1323
GZU     41.4255 -111.9750       2646
HDU     41.8030 -111.7665       1807
HEB     40.5015 -111.3358       1925
HONU    41.6162 -112.0508       1528
HTU     40.6753 -111.2202       2576
ICU     37.1497 -113.9235       1451
IMU     38.6332 -113.1583       1833
KLJ     40.6308 -111.4050       1992
LDJ     40.5815 -111.4087       2217
LEVU    39.5065 -111.8147       1996
LHUT    40.8914 -110.9964       3084
LTU     41.5918 -112.2472       1585
MCID    44.1908 -111.1838       2137
MCU     41.4617 -111.5075       2664
MGU     40.6815 -111.9182       1291
MHD     40.6607 -111.8008       1597
MLI     42.0268 -112.1255       1896
MMU     38.1928 -111.2943       2387
MOUT    41.1990 -111.8788       2743
MSU     38.5123 -112.1772       2105
MTUT    41.7092 -112.4547       1373
NAIU    41.0162 -112.2280       1472
NMU     38.5165 -112.8500       1853
NPI     42.1473 -112.5183       1640
OWUT    38.7800 -111.4237       2568
PTU     41.9293 -112.3247       2192
RBU     40.7808 -111.8083       1676
RCJ     40.6585 -111.4393       2090
ROA     39.6615 -110.3647       2962
RSUT    41.6385 -111.4317       2682
SAIU    40.8548 -112.1815       1384
SGU     39.1823 -111.6447       2357
SNO     39.3197 -111.5388       2503
SNUT    40.8850 -112.5087       1652
SUU     39.8882 -111.7908       2024
TCUT    41.1178 -111.4085       2320
WCU     38.9647 -112.0907       2673
WMUT    40.0767 -111.8333       1981
WVUT    41.6102 -111.9592       1828
YDC     44.7085 -111.2433       2025
YGC     44.7962 -111.1075       2075
YHH     44.7883 -110.8505       2717
YJC     44.7555 -110.3492       2684
YLA     44.5127 -110.2687       2580
YLT     44.4375 -110.5880       2439
YMC     44.7588 -111.0068       2073
YML     44.6033 -110.6438       2653
YMP     44.7397 -110.1567       2774
YMS     44.2640 -110.5278       3106
YMV     44.9737 -110.6888       1829
YPC     44.6480 -110.1925       2932
YPK     44.7318 -109.9220       2897
YPM     44.6572 -110.8687       2582
YPP     44.2710 -110.8045       2707
YSB     44.8840 -110.1510       2072
YTP     44.3918 -110.2850       2384
YWB     44.6058 -111.1008       2310
EMU     39.8140 -110.8153       2268
HLJ     40.6107 -111.4008       1931
HRU     40.7945 -111.8857       1620
WTU     40.4548 -111.9535       1552
BHUT    38.2767 -112.6404       1778
CVH     37.7151 -113.0641       1724
HHS     37.1738 -113.2957       990
IAE     37.6651 -113.0667       1807
KEUT    37.0503 -112.5292       1497
PEUT    38.7759 -112.0886       1620
REUT    37.0976 -113.5193       793
SCUT    37.1282 -113.6447       830
WCO     37.1318 -113.5094       855
WDO     37.1076 -113.5865       837
LCMT    37.0108 -113.2435       1411
CCPU    37.6666 -113.0882       1839
