yft 05303 0 017
BEI 058 0 019
YPGC 01257 0 0104
EPU 06 0 0
RCJ 04 0 0
HDU 034 0 07
bgm 0257 0 0
YHH 023882 0 017448
h17 01610 0 0
b07 02708 0 0
SRU 010 0 01
ahi 065 0 01
MTUT 022 0 04
ECRI 078 0 029
RBU 05 0 0
PTI 043 0 06
DAU 06 0 0
MOUT 06 0 0
EMUN 01 0 0
JGI 026 0 03
GBI 0529 0 0142
b05 02591 0 0
yufe 01 0 0
bozn 01 0 0
YHB 014951 0 011479
YMC 022397 0 019585
YPMV 058 0 04
MCU 022 0 06
YPLB 050 0 010
j18 014 0 0
SLCN 03 0 0
COMI 017 0 05
LDJ 01 0 0
PV09 05 0 0
YNJ 072 0 047
MCID 012771 0 08971
g16 075 0 0
RBUT 02 0 0
DLM 01 0 0
LTU 013 0 01
tmiv 02 0 0
WLJ 02 0 0
YHHE 033 0 020
WVUT 018 0 01
b07e 01 0 0
ARUT 02 0 0
imw 0758 0 077
com 020 0 01
lkwv 047 0 01
YML 013288 0 09844
LJI 022 0 05
YPNJ 0822 0 053
grr 014 0 0
bea 046 0 01
PV10 06 0 0
crm 0140 0 02
YPHS 0827 0 051
BDW 012 0 0
YPM 021245 0 016578
DUG 05 0 0
HTU 04 0 01
i16 035 0 0
YGC 015024 0 011193
KBI 042 0 010
HVU 029 0 0
BTU 03 0 0
qlm 01815 0 022
MGU1 01 0 0
RSUT 044 0 07
red 042 0 0
yftv 02 0 0
FLU 02 0 0
i18 019 0 01
YWB 014929 0 010801
HONU 08 0 0
BMI 09 0 04
HLJ 01 0 0
YNR 07129 0 04098
SRG 01 0 0
WCU 04 0 01
YMRN 09 0 03
ecr 040 0 0
YLA 04139 0 03211
YMJ 0101 0 064
YMP 0672 0 0516
hli 01 0 0
RRI 055 0 0
CWU 02 0 0
bzm 060 0 0
YPIT 0332 0 06
lkwn 01 0 0
YMPE 01 0 01
ynrv 01 0 0
l19 01 0 0
g17 080 0 0
yfte 06 0 0
YFT 02749 0 01304
YPC 02895 0 02118
YSB 01741 0 0959
b06 0692 0 01
tpm 01072 0 08
loh 0435 0 021
lkwl 07 0 0
LSUT 014 0 02
lkw 03883 0 094
BMUT 062 0 019
ARNI 02 0 02
YLT 04174 0 03297
YIT 01633 0 01182
YPPC 0435 0 033
YJCN 010 0 04
GRD 01 0 0
HHAI 018 0 04
boze 02 0 0
YMS 02277 0 01876
k16 01 0 0
yhb 02909 0 0
boz 0222 0 01
SMT 04 0 02
YBE 0104 0 046
KVN 02 0 0
LLRI 01 0 0
YPP 04823 0 04121
NAW 04 0 03
ymrv 021 0 03
YHHN 021 0 016
SNO 03 0 0
HPI 030 0 03
YOF 084 0 044
JLU 06 0 0
YJC 03405 0 02253
DPI 07 0 04
g18 028 0 0
YPDC 01232 0 0108
GZU 012 0 0
YTP 04156 0 03205
TCUT 09 0 01
GMU 03 0 0
KLJ 02 0 01
ICU 02 0 0
YPTC 0234 0 09
DBD 01 0 0
ynr 03519 0 0
lkwe 03 0 0
SAIU 06 0 0
SSI 02 0 01
ynrn 03 0 0
YMR 02492 0 01036
EMU 05 0 0
YFTN 05 0 03
YFTE 06 0 04
YPMC 01505 0 0139
rri 016 0 0
YPBR 075 0 019
flw 0220 0 01
ynre 03 0 0
MLI 034 0 08
YNRN 01 0 0
DWU 02 0 0
gbi 060 0 04
ynrl 01 0 0
FSU 04 0 0
YTC 049 0 020
PZCI 0314 0 082
ymrl 010 0 02
j16 02 0 0
YPLA 0298 0 09
h16 01291 0 0
OWUT 03 0 0
MHD 02 0 0
yhbn 02 0 0
b05n 05 0 0
h17e 03 0 0
pti 05 0 0
j17 022 0 0
WMUT 03 0 0
PTU 028 0 05
NMU 01 0 0
CRBI 044 0 010
CPU 01 0 0
bw0 076 0 0
h17n 04 0 01
YPK 0445 0 0302
NPI 040 0 08
b08 0396 0 0
NAIU 04 0 0
NOQ 01 0 0
yufn 01 0 0
YPOF 01227 0 055
DCU 05 0 0
TMI 0130 0 026
YCJ 01192 0 0667
yufv 02 0 0
EKU 01 0 0
GSI 01 0 0
CBTI 032 0 02
SNUT 05 0 0
GRRI 014 0 01
k19 01 0 0
ymre 07 0 0
IMU 04 0 01
YPWB 01131 0 078
YHS 070 0 042
ymrm 03 0 0
IMW 01251 0 0592
NLU 02 0 0
ymr 016156 0 0252
SLCE 03 0 0
YPSB 0581 0 033
b44 0688 0 0
YLAN 03 0 03
YPMH 01123 0 058
hha 07 0 0
ymrn 07 0 0
lkwm 03 0 0
YMRE 04 0 01
BW06 026 0 0
YPCJ 0564 0 042
yuf 01536 0 0
YNRE 02 0 0
FPU 07 0 0
i17 0395 0 0
LEVU 03 0 0
YPMJ 01014 0 097
yftn 05 0 0
SGU 01 0 0
hwu 03 0 0
SUU 01 0 0
YJCE 05 0 0
b07n 03 0 0
YMV 04224 0 02689
YLAE 01 0 01
tmi 040 0 02
YPBE 0766 0 032
yufl 01 0 0
lohv 03 0 0
YDC 013451 0 010276
MMU 05 0 0
b05e 03 0 0
mom 093 0 0
MSU 04 0 01
g17n 01 0 0
GZUN 01 0 0
